
Reporting time         2016/ 6/21  3:12:51.541
year  month  day  hour min  sec    lat      lon        dep    Cal_mpd  dayi_mpd  stu_mpd  mtc   process_time
2016  6      21   3    12   37.903 24.24936 120.64991  66.51  5.36     5.29      4.29     8.98  13.638044
Sta     lat       lon       tc         pd           pv        pa     Mtc     MPd   receivetime
W16B 24.30141  120.71145  4.6244   0.00504103   0.01365382  0.1690  8.9712  5.2572    9.1273
W096 24.09233  120.88747  4.4613   0.00310391   0.00711564  0.0677  8.9054  4.9655   10.2473
W181 24.11789  120.79581  6.3124   0.00889935   0.01430299  0.1478  9.5412  5.5991   11.7873
W157 24.49017  120.78911  3.0095   0.01058253   0.02624733  0.2593  8.1843  5.7033   12.1973
W07A 23.73629  120.76521  6.0331   0.01395325   0.02506731  0.3037  9.4583  5.8696   13.1673
W380 23.67730  120.51390  4.9094   0.00714733   0.01610781  0.2587  9.0808  5.4672   13.7073
H007 24.76160  121.02380  3.1213   0.00500903   0.01557316  0.2886  8.2511  5.2534   14.0073
count:0

Reporting time         2016/ 6/21  3:12:53.549
year  month  day  hour min  sec    lat      lon        dep    Cal_mpd  dayi_mpd  stu_mpd  mtc   process_time
2016  6      21   3    12   37.119 24.13259 121.11184  75.80  5.62     5.56      4.69     9.10  16.430261
Sta     lat       lon       tc         pd           pv        pa     Mtc     MPd   receivetime
W096 24.09233  120.88747  4.4613   0.00310391   0.00711564  0.0677  8.9054  4.9514   11.0310
W181 24.11789  120.79581  6.3124   0.00889935   0.01430299  0.1478  9.5412  5.5850   12.5710
W157 24.49017  120.78911  3.0095   0.01058253   0.02624733  0.2593  8.1843  5.6892   12.9810
W07A 23.73629  120.76521  6.0331   0.01395325   0.02506731  0.3037  9.4583  5.8555   13.9510
W380 23.67730  120.51390  4.9094   0.00714733   0.01610781  0.2587  9.0808  5.4531   14.4910
H007 24.76160  121.02380  3.1213   0.00500903   0.01557316  0.2886  8.2511  5.2393   14.7910
W16A 24.35180  120.62500  6.2796   0.01368462   0.01281822  0.1065  9.5317  5.8438   14.9910
W03E 24.46703  121.80108  5.6070   0.01225972   0.02086753  0.2438  9.3242  5.7777   16.0910
count:0

Reporting time         2016/ 6/21  3:12:57.584
year  month  day  hour min  sec    lat      lon        dep    Cal_mpd  dayi_mpd  stu_mpd  mtc   process_time
2016  6      21   3    12   36.967 24.90449 120.37199  80.61  5.91     5.85      5.12     9.04  20.616822
Sta     lat       lon       tc         pd           pv        pa     Mtc     MPd   receivetime
W157 24.49017  120.78911  3.0095   0.01058253   0.02624733  0.2593  8.1843  5.7805   13.1327
H007 24.76160  121.02380  3.1213   0.00500903   0.01557316  0.2886  8.2511  5.3306   14.9427
W16A 24.35180  120.62500  6.2796   0.01368462   0.01281822  0.1065  9.5317  5.9351   15.1427
W155 24.34375  120.76656  3.8594   0.00951704   0.01962746  0.2746  8.6399  5.7166   16.6427
W15D 24.47656  120.89108  6.3144   0.01542585   0.02054728  0.1738  9.5418  6.0071   17.0027
W337 24.92262  121.24998  5.5000   0.02370671   0.02798532  0.2537  9.2888  6.2656   17.7927
I002 24.97848  121.32059  4.5947   0.00870477   0.01216721  0.1393  8.9594  5.6630   18.4527
W096 24.09233  120.88747  5.5531   0.00344558   0.00398802  0.1110  9.3064  5.1055   18.9227
W10D 24.98222  121.50840  5.0317   0.01160347   0.01422710  0.2243  9.1258  5.8359   19.3227
W318 25.12945  121.57660  3.9694   0.00502683   0.01546822  0.2925  8.6914  5.3327   19.9927
W276 25.01560  121.48339  5.4465   0.01875809   0.01589312  0.2424  9.2709  6.1248   20.2027
count:0

Reporting time         2016/ 6/21  3:12:59.599
year  month  day  hour min  sec    lat      lon        dep    Cal_mpd  dayi_mpd  stu_mpd  mtc   process_time
2016  6      21   3    12   38.143 25.43700 120.88637  52.97  5.74     5.68      4.86     9.20  21.456446
Sta     lat       lon       tc         pd           pv        pa     Mtc     MPd   receivetime
W24A 24.89917  121.03802  5.6923   0.00734595   0.00844282  0.1651  9.3518  5.4709   11.2971
W317 25.10607  121.56393  3.1443   0.00820989   0.02264683  0.3273  8.2646  5.5378   12.1471
W336 24.91877  121.13722  5.5557   0.00603747   0.01187471  0.1783  9.3073  5.3529   12.9771
W10E 25.03889  121.51305  5.6434   0.00871696   0.00827940  0.2333  9.3360  5.5738   13.5571
W31D 25.11950  121.50502  3.8421   0.00816066   0.02076851  0.2770  8.6317  5.5342   13.5971
W280 25.29173  121.56722  5.1555   0.00995356   0.00934534  0.2313  9.1704  5.6536   13.6671
H007 24.76160  121.02380  3.1213   0.00500903   0.01557316  0.2886  8.2511  5.2406   13.7671
T001 25.01340  121.54166  5.1156   0.01452182   0.01385021  0.2265  9.1561  5.8808   15.9071
W045 24.82547  121.82075  4.3041   0.01566488   0.02202078  0.1544  8.8397  5.9264   17.9071
W16A 24.35180  120.62500  7.6428   0.01237427   0.01102714  0.1396  9.8916  5.7846   20.1471
W043 24.48806  121.42564  7.9648   0.00954746   0.01135256  0.1739  9.9672  5.6286   20.6371
W17B 24.31721  121.29326  5.6249   0.01019206   0.01434768  0.2289  9.3300  5.6679   21.4671
count:0

Reporting time         2016/ 6/21  3:13: 1.620
year  month  day  hour min  sec    lat      lon        dep    Cal_mpd  dayi_mpd  stu_mpd  mtc   process_time
2016  6      21   3    12   45.751 24.95378 121.70106  14.37  4.91     4.82      3.67     9.09  15.869034
Sta     lat       lon       tc         pd           pv        pa     Mtc     MPd   receivetime
W295 24.95357  121.53871  6.0733   0.01040403   0.01741828  0.1865  9.4705  4.5847    4.0987
T003 25.01865  121.54160  3.8757   0.00666058   0.01138773  0.2346  8.6477  4.3164    4.1487
W036 24.82214  121.76872  4.0890   0.00429956   0.01093625  0.1139  8.7458  4.0531    4.3387
W317 25.10607  121.56393  3.1443   0.00820989   0.02264683  0.3273  8.2646  4.4422    4.5387
W042 24.74897  121.74692  3.9799   0.00698797   0.01941210  0.2867  8.6963  4.3453    5.3587
W10A 25.14955  121.77308  4.2126   0.00917596   0.00864320  0.1819  8.8004  4.5091    5.5487
W10E 25.03889  121.51305  5.6434   0.00871696   0.00827940  0.2333  9.3360  4.4782    5.9487
W31D 25.11950  121.50502  3.8421   0.00816066   0.02076851  0.2770  8.6317  4.4386    5.9887
W035 24.67872  121.60850  3.8517   0.00623278   0.01624216  0.2494  8.6363  4.2765    6.0387
W280 25.29173  121.56722  5.1555   0.00995356   0.00934534  0.2313  9.1704  4.5580    6.0587
W26B 25.04466  121.42691  4.8381   0.01092392   0.01950723  0.2475  9.0539  4.6140    7.2887
W337 24.92262  121.24998  5.5000   0.02370671   0.02798532  0.2537  9.2888  5.0800    9.0087
I002 24.97848  121.32059  4.6334   0.00870477   0.01306312  0.1393  8.9748  4.4774    9.6687
H007 24.76160  121.02380  5.4868   0.01106765   0.02212526  0.2318  9.2844  4.6218   12.3187
W043 24.48806  121.42564  7.9648   0.00954746   0.01135256  0.1739  9.9672  4.5330   13.0287
W17B 24.31721  121.29326  5.6249   0.01019206   0.01434768  0.2289  9.3300  4.5723   13.8587
H009 24.78420  121.00110  5.9758   0.01598735   0.01878495  0.2269  9.4408  4.8431   14.6087
count:0

Reporting time         2016/ 6/21  3:13: 3.645
year  month  day  hour min  sec    lat      lon        dep    Cal_mpd  dayi_mpd  stu_mpd  mtc   process_time
2016  6      21   3    12   45.965 24.95473 121.69707  10.99  4.90     4.81      3.65     9.14  17.679685
Sta     lat       lon       tc         pd           pv        pa     Mtc     MPd   receivetime
W295 24.95357  121.53871  6.0733   0.01040403   0.01741828  0.1865  9.4705  4.5127    3.8849
T003 25.01865  121.54160  3.8757   0.00666058   0.01138773  0.2346  8.6477  4.2445    3.9349
W036 24.82214  121.76872  4.0890   0.00429956   0.01093625  0.1139  8.7458  3.9812    4.1249
W317 25.10607  121.56393  3.1443   0.00820989   0.02264683  0.3273  8.2646  4.3703    4.3249
W042 24.74897  121.74692  3.9799   0.00698797   0.01941210  0.2867  8.6963  4.2733    5.1449
W10A 25.14955  121.77308  4.2126   0.00917596   0.00864320  0.1819  8.8004  4.4372    5.3349
W10E 25.03889  121.51305  5.6434   0.00871696   0.00827940  0.2333  9.3360  4.4063    5.7349
W31D 25.11950  121.50502  3.8421   0.00816066   0.02076851  0.2770  8.6317  4.3667    5.7749
W035 24.67872  121.60850  3.8517   0.00623278   0.01624216  0.2494  8.6363  4.2046    5.8249
W280 25.29173  121.56722  5.1555   0.00995356   0.00934534  0.2313  9.1704  4.4861    5.8449
W26B 25.04466  121.42691  4.8381   0.01092392   0.01950723  0.2475  9.0539  4.5421    7.0749
W337 24.92262  121.24998  5.5000   0.02370671   0.02798532  0.2537  9.2888  5.0081    8.7949
H007 24.76160  121.02380  5.4868   0.01106765   0.02212526  0.2318  9.2844  4.5499   12.1049
W043 24.48806  121.42564  7.9648   0.00954746   0.01135256  0.1739  9.9672  4.4611   12.8149
W17B 24.31721  121.29326  5.6249   0.01019206   0.01434768  0.2289  9.3300  4.5004   13.6449
H009 24.78420  121.00110  5.9758   0.01598735   0.01878495  0.2269  9.4408  4.7711   14.3949
W253 24.79625  120.94407  6.9846   0.00770595   0.00780783  0.1821  9.7266  4.3322   16.1949
count:1

Reporting time         2016/ 6/21  3:13: 5.669
year  month  day  hour min  sec    lat      lon        dep    Cal_mpd  dayi_mpd  stu_mpd  mtc   process_time
2016  6      21   3    12   45.965 24.95473 121.69707  10.99  4.90     4.81      3.65     9.14  19.704071
Sta     lat       lon       tc         pd           pv        pa     Mtc     MPd   receivetime
W295 24.95357  121.53871  6.0733   0.01040403   0.01741828  0.1865  9.4705  4.5127    3.8849
T003 25.01865  121.54160  3.8757   0.00666058   0.01138773  0.2346  8.6477  4.2445    3.9349
W036 24.82214  121.76872  4.0890   0.00429956   0.01093625  0.1139  8.7458  3.9812    4.1249
W317 25.10607  121.56393  3.1443   0.00820989   0.02264683  0.3273  8.2646  4.3703    4.3249
W042 24.74897  121.74692  3.9799   0.00698797   0.01941210  0.2867  8.6963  4.2733    5.1449
W10A 25.14955  121.77308  4.2126   0.00917596   0.00864320  0.1819  8.8004  4.4372    5.3349
W10E 25.03889  121.51305  5.6434   0.00871696   0.00827940  0.2333  9.3360  4.4063    5.7349
W31D 25.11950  121.50502  3.8421   0.00816066   0.02076851  0.2770  8.6317  4.3667    5.7749
W035 24.67872  121.60850  3.8517   0.00623278   0.01624216  0.2494  8.6363  4.2046    5.8249
W280 25.29173  121.56722  5.1555   0.00995356   0.00934534  0.2313  9.1704  4.4861    5.8449
W26B 25.04466  121.42691  4.8381   0.01092392   0.01950723  0.2475  9.0539  4.5421    7.0749
W337 24.92262  121.24998  5.5000   0.02370671   0.02798532  0.2537  9.2888  5.0081    8.7949
H007 24.76160  121.02380  5.4868   0.01106765   0.02212526  0.2318  9.2844  4.5499   12.1049
W043 24.48806  121.42564  7.9648   0.00954746   0.01135256  0.1739  9.9672  4.4611   12.8149
W17B 24.31721  121.29326  5.6249   0.01019206   0.01434768  0.2289  9.3300  4.5004   13.6449
H009 24.78420  121.00110  5.9758   0.01598735   0.01878495  0.2269  9.4408  4.7711   14.3949
W253 24.79625  120.94407  6.9846   0.00770595   0.00780783  0.1821  9.7266  4.3322   16.1949
count:2

Reporting time         2016/ 6/21  3:13:49.337
year  month  day  hour min  sec    lat      lon        dep    Cal_mpd  dayi_mpd  stu_mpd  mtc   process_time
2016  6      21   3    13   22.617 23.71119 120.80243  32.00  5.54     5.47      4.59     9.53  26.720198
Sta     lat       lon       tc         pd           pv        pa     Mtc     MPd   receivetime
W18D 23.56510  120.47540  4.4028   0.01182574   0.03617795  0.6857  8.8812  5.4711    7.1831
W192 23.55764  120.48186  6.3959   0.00643779   0.01828931  0.4930  9.5653  5.1054    7.2031
W08F 23.90400  120.67964  6.2995   0.02073869   0.03645001  0.7697  9.5375  5.8090    7.2331
W388 23.64720  120.45920  7.1458   0.01468331   0.03378242  0.4171  9.7684  5.6013    7.5631
W097 23.94122  120.66786  6.4722   0.02670094   0.03795050  0.4744  9.5870  5.9610    7.6431
W18B 24.17119  120.89586  6.5047   0.00689688   0.02754994  1.0007  9.5962  5.1468    7.8531
W071 23.98092  120.68628  6.5576   0.01342105   0.03737704  0.8691  9.6110  5.5472    7.9431
W364 23.96840  120.60130  6.7804   0.00958860   0.02223419  0.7038  9.6722  5.3450    8.1731
W377 23.76720  120.45830  6.8282   0.01776152   0.03857676  0.7291  9.6851  5.7158    8.2431
W35A 23.89270  120.47810  4.8237   0.00910220   0.02940380  0.8238  9.0485  5.3137    8.7531
W362 24.01720  120.56570  5.4817   0.00826772   0.02441970  0.7231  9.2827  5.2558    9.0331
W211 23.37680  120.44500  6.0045   0.01697488   0.01792194  0.1742  9.4496  5.6885    9.0831
W35B 23.91870  120.50440  6.3870   0.01197908   0.02330191  0.7593  9.5628  5.4789    9.2231
W17A 24.10068  120.68974  6.0718   0.00881561   0.02997225  0.4853  9.4700  5.2944    9.5031
W361 24.04760  120.54460  6.8970   0.01486291   0.03341695  0.6905  9.7035  5.6086    9.6231
W18C 24.12286  120.75169  5.9513   0.00852030   0.02050485  0.3283  9.4333  5.2739    9.7931
W357 23.89790  120.37060  4.9923   0.01024177   0.03933170  0.5437  9.1114  5.3846    9.8031
W372 23.54170  120.18970  6.3258   0.00827669   0.01683832  0.4142  9.5451  5.2565    9.8131
W360 24.07170  120.55150  6.2105   0.01671015   0.01749135  0.4842  9.5114  5.6791    9.8631
W37A 23.79750  120.27350  6.2498   0.01005233   0.01785427  0.3215  9.5230  5.3734    9.9431
W185 24.32777  120.92077  5.5156   0.00542700   0.02985055  0.9140  9.2940  5.0026    9.9731
W188 24.25280  120.83497  6.9373   0.00957734   0.02961758  0.8554  9.7141  5.3443    9.9931
W373 23.70970  120.19120  6.7231   0.01083306   0.01952873  0.2717  9.6567  5.4184   10.0131
W356 23.93760  120.39530  7.4520   0.01545065   0.03971419  0.7020  9.8452  5.6319   10.1231
W172 24.17267  120.71955  5.2216   0.00769855   0.02487140  0.8450  9.1937  5.2129   10.1831
W159 24.29817  120.84939  6.6874   0.01052384   0.03472338  0.5808  9.6469  5.4010   10.2931
W173 24.15725  120.82839  7.0181   0.02894076   0.03403711  0.2819  9.7354  6.0094   10.4331
W16F 24.20473  120.72652  6.4751   0.00849236   0.03268551  0.5579  9.5878  5.2720   10.4531
W354 24.00800  120.41910  6.0339   0.01875469   0.02457073  0.6267  9.4586  5.7485   10.4831
W35F 24.10420  120.53340  4.8380   0.00590946   0.03348271  0.9177  9.0539  5.0539   10.6431
W16C 24.19512  120.66278  5.1783   0.01471563   0.03201232  0.7049  9.1784  5.6026   10.7031
W352 24.08880  120.47980  6.7868   0.00452346   0.03236755  0.9947  9.6740  4.8931   10.7131
W179 24.25430  120.72103  5.8436   0.02155906   0.03853381  0.8178  9.3998  5.8323   11.0531
W184 24.22223  120.65018  6.5120   0.00948101   0.03929912  1.1681  9.5983  5.3382   11.3531
W15A 24.41049  120.90223  6.3744   0.00885487   0.02274952  0.5750  9.5591  5.2971   11.4131
W351 24.14700  120.47630  5.8252   0.01579579   0.03324368  0.6056  9.3941  5.6452   11.4531
W237 23.28058  120.46738  5.4802   0.00694185   0.01150067  0.3064  9.2822  5.1507   11.6331
W22D 23.27538  120.31290  4.7508   0.00846986   0.01747512  0.3679  9.0206  5.2704   11.8331
W374 23.73980  120.22220  5.4331   0.02037500   0.03826852  0.4472  9.2664  5.7984   12.0931
W165 24.40150  120.76583  6.8579   0.01001768   0.02046720  0.5277  9.6931  5.3713   12.4631
W054 23.08197  120.59219  7.4833   0.01422402   0.01736230  0.2741  9.8529  5.5822   13.7731
W218 23.18925  120.34232  6.8132   0.00399413   0.01609708  0.3069  9.6811  4.8182   14.5731
W16A 24.35180  120.62500  7.7709   0.00518558   0.00538147  0.1170  9.9220  4.9753   16.0331
W052 22.96903  120.54092  6.1063   0.00783472   0.01402126  0.1861  9.4804  5.2235   16.2931
W245 24.68692  120.98827  5.6021   0.01114909   0.01790903  0.2821  9.3225  5.4357   18.2531
W108 24.96824  121.19525  6.2265   0.00886570   0.01516308  0.1877  9.5161  5.2978   19.6731
H001 24.78260  120.99570  7.2816   0.01170914   0.01596500  0.2294  9.8029  5.4652   20.2031
W132 22.42719  120.62864  6.5718   0.01101640   0.01410454  0.2469  9.6150  5.4285   22.2131
W108 24.96824  121.19525  6.1776   0.00942547   0.00886276  0.1899  9.5017  5.3347   22.8631
W045 24.82547  121.82075  6.8321   0.01420169   0.01589604  0.3162  9.6862  5.5812   22.9431
W10B 25.01499  121.53716  6.5844   0.02028236   0.01542506  0.2151  9.6185  5.7956   24.3931
W310 24.97628  121.58365  7.2695   0.01328380   0.01944473  0.1862  9.7998  5.5411   24.4931
W277 25.00332  121.46325  6.9348   0.00511285   0.00876081  0.2318  9.7135  4.9668   25.6831
count:0

Reporting time         2016/ 6/21  3:14: 4.647
year  month  day  hour min  sec    lat      lon        dep    Cal_mpd  dayi_mpd  stu_mpd  mtc   process_time
2016  6      21   3    13   42.973 25.65528 121.50695  12.82  5.55     5.48      4.59     9.66  21.673504
Sta     lat       lon       tc         pd           pv        pa     Mtc     MPd   receivetime
W31A 25.11790  121.53837  6.9605   0.01451261   0.00836827  0.2842  9.7202  5.5497   10.9868
W31F 25.12660  121.46622  7.8311   0.00578436   0.01204449  0.1665  9.9361  4.9964   11.0168
W10A 25.14955  121.77308  6.7960   0.01301725   0.00971376  0.2286  9.6764  5.4843   11.3868
W284 25.16737  121.63869  6.4086   0.01244892   0.01723371  0.2415  9.5689  5.4574   11.6868
W036 24.82214  121.76872  6.2467   0.00529318   0.01331114  0.1658  9.5220  4.9430   17.1068
W33E 24.83620  121.24840  6.3730   0.00998253   0.01891159  0.4016  9.5587  5.3246   17.5768
W045 24.82547  121.82075  7.2027   0.00546660   0.01048759  0.1714  9.7829  4.9624   18.1568
W253 24.79625  120.94407  5.8140   0.00749722   0.01634780  0.4391  9.3906  5.1524   18.3168
W249 24.79927  120.99942  6.9543   0.01126450   0.02414009  0.4336  9.7186  5.3973   18.5368
W249 24.79927  120.99942  6.6887   0.00919585   0.02936078  0.4811  9.6473  5.2753   21.0368
count:0

Reporting time         2016/ 6/21  3:14: 6.664
year  month  day  hour min  sec    lat      lon        dep    Cal_mpd  dayi_mpd  stu_mpd  mtc   process_time
2016  6      21   3    13   42.973 25.65528 121.50695  12.82  5.55     5.48      4.59     9.66  23.690478
Sta     lat       lon       tc         pd           pv        pa     Mtc     MPd   receivetime
W31A 25.11790  121.53837  6.9605   0.01451261   0.00836827  0.2842  9.7202  5.5045   10.9868
W31F 25.12660  121.46622  7.8311   0.00578436   0.01204449  0.1665  9.9361  4.9512   11.0168
W10A 25.14955  121.77308  6.7960   0.01301725   0.00971376  0.2286  9.6764  5.4391   11.3868
W284 25.16737  121.63869  6.4086   0.01244892   0.01723371  0.2415  9.5689  5.4122   11.6868
W036 24.82214  121.76872  6.2467   0.00529318   0.01331114  0.1658  9.5220  4.8978   17.1068
W33E 24.83620  121.24840  6.3730   0.00998253   0.01891159  0.4016  9.5587  5.2794   17.5768
W045 24.82547  121.82075  7.2027   0.00546660   0.01048759  0.1714  9.7829  4.9172   18.1568
W253 24.79625  120.94407  5.8140   0.00749722   0.01634780  0.4391  9.3906  5.1072   18.3168
W249 24.79927  120.99942  6.9543   0.01126450   0.02414009  0.4336  9.7186  5.3521   18.5368
W249 24.79927  120.99942  6.6887   0.00919585   0.02936078  0.4811  9.6473  5.2300   21.0368
count:1

Reporting time         2016/ 6/21  3:16:19.488
year  month  day  hour min  sec    lat      lon        dep    Cal_mpd  dayi_mpd  stu_mpd  mtc   process_time
2016  6      21   3    16    3.903 24.24936 120.64991  66.51  5.36     5.29      4.29     8.98  15.585772
Sta     lat       lon       tc         pd           pv        pa     Mtc     MPd   receivetime
W16B 24.30141  120.71145  4.6244   0.00504103   0.01365382  0.1690  8.9712  5.2572    9.1273
W096 24.09233  120.88747  4.4613   0.00310391   0.00711564  0.0677  8.9054  4.9655   10.2473
W181 24.11789  120.79581  6.3124   0.00889935   0.01430299  0.1478  9.5412  5.5991   11.7873
W157 24.49017  120.78911  3.0095   0.01058253   0.02624733  0.2593  8.1843  5.7033   12.1973
W07A 23.73629  120.76521  6.0331   0.01395325   0.02506731  0.3037  9.4583  5.8696   13.1673
W380 23.67730  120.51390  4.9094   0.00714733   0.01610781  0.2587  9.0808  5.4672   13.7073
H007 24.76160  121.02380  3.1213   0.00500903   0.01557316  0.2886  8.2511  5.2534   14.0073
count:0

Reporting time         2016/ 6/21  3:16:21.496
year  month  day  hour min  sec    lat      lon        dep    Cal_mpd  dayi_mpd  stu_mpd  mtc   process_time
2016  6      21   3    16    3.119 24.13259 121.11184  75.80  5.62     5.56      4.69     9.10  18.376540
Sta     lat       lon       tc         pd           pv        pa     Mtc     MPd   receivetime
W096 24.09233  120.88747  4.4613   0.00310391   0.00711564  0.0677  8.9054  4.9514   11.0310
W181 24.11789  120.79581  6.3124   0.00889935   0.01430299  0.1478  9.5412  5.5850   12.5710
W157 24.49017  120.78911  3.0095   0.01058253   0.02624733  0.2593  8.1843  5.6892   12.9810
W07A 23.73629  120.76521  6.0331   0.01395325   0.02506731  0.3037  9.4583  5.8555   13.9510
W380 23.67730  120.51390  4.9094   0.00714733   0.01610781  0.2587  9.0808  5.4531   14.4910
H007 24.76160  121.02380  3.1213   0.00500903   0.01557316  0.2886  8.2511  5.2393   14.7910
W16A 24.35180  120.62500  6.2796   0.01368462   0.01281822  0.1065  9.5317  5.8438   14.9910
W03E 24.46703  121.80108  5.6070   0.01225972   0.02086753  0.2438  9.3242  5.7777   16.0910
count:0

Reporting time         2016/ 6/21  3:16:25.529
year  month  day  hour min  sec    lat      lon        dep    Cal_mpd  dayi_mpd  stu_mpd  mtc   process_time
2016  6      21   3    16    2.967 24.90449 120.37199  80.61  5.91     5.85      5.12     9.04  22.561304
Sta     lat       lon       tc         pd           pv        pa     Mtc     MPd   receivetime
W157 24.49017  120.78911  3.0095   0.01058253   0.02624733  0.2593  8.1843  5.7805   13.1327
H007 24.76160  121.02380  3.1213   0.00500903   0.01557316  0.2886  8.2511  5.3306   14.9427
W16A 24.35180  120.62500  6.2796   0.01368462   0.01281822  0.1065  9.5317  5.9351   15.1427
W155 24.34375  120.76656  3.8594   0.00951704   0.01962746  0.2746  8.6399  5.7166   16.6427
W15D 24.47656  120.89108  6.3144   0.01542585   0.02054728  0.1738  9.5418  6.0071   17.0027
W337 24.92262  121.24998  5.5000   0.02370671   0.02798532  0.2537  9.2888  6.2656   17.7927
I002 24.97848  121.32059  4.5947   0.00870477   0.01216721  0.1393  8.9594  5.6630   18.4527
W096 24.09233  120.88747  5.5531   0.00344558   0.00398802  0.1110  9.3064  5.1055   18.9227
W10D 24.98222  121.50840  5.0317   0.01160347   0.01422710  0.2243  9.1258  5.8359   19.3227
W318 25.12945  121.57660  3.9694   0.00502683   0.01546822  0.2925  8.6914  5.3327   19.9927
W276 25.01560  121.48339  5.4465   0.01875809   0.01589312  0.2424  9.2709  6.1248   20.2027
count:0

Reporting time         2016/ 6/21  3:16:27.541
year  month  day  hour min  sec    lat      lon        dep    Cal_mpd  dayi_mpd  stu_mpd  mtc   process_time
2016  6      21   3    16    4.143 25.43700 120.88637  52.97  5.74     5.68      4.86     9.20  23.398438
Sta     lat       lon       tc         pd           pv        pa     Mtc     MPd   receivetime
W24A 24.89917  121.03802  5.6923   0.00734595   0.00844282  0.1651  9.3518  5.4709   11.2971
W317 25.10607  121.56393  3.1443   0.00820989   0.02264683  0.3273  8.2646  5.5378   12.1471
W336 24.91877  121.13722  5.5557   0.00603747   0.01187471  0.1783  9.3073  5.3529   12.9771
W10E 25.03889  121.51305  5.6434   0.00871696   0.00827940  0.2333  9.3360  5.5738   13.5571
W31D 25.11950  121.50502  3.8421   0.00816066   0.02076851  0.2770  8.6317  5.5342   13.5971
W280 25.29173  121.56722  5.1555   0.00995356   0.00934534  0.2313  9.1704  5.6536   13.6671
H007 24.76160  121.02380  3.1213   0.00500903   0.01557316  0.2886  8.2511  5.2406   13.7671
T001 25.01340  121.54166  5.1156   0.01452182   0.01385021  0.2265  9.1561  5.8808   15.9071
W045 24.82547  121.82075  4.3041   0.01566488   0.02202078  0.1544  8.8397  5.9264   17.9071
W16A 24.35180  120.62500  7.6428   0.01237427   0.01102714  0.1396  9.8916  5.7846   20.1471
W043 24.48806  121.42564  7.9648   0.00954746   0.01135256  0.1739  9.9672  5.6286   20.6371
W17B 24.31721  121.29326  5.6249   0.01019206   0.01434768  0.2289  9.3300  5.6679   21.4671
count:0

Reporting time         2016/ 6/21  3:16:29.561
year  month  day  hour min  sec    lat      lon        dep    Cal_mpd  dayi_mpd  stu_mpd  mtc   process_time
2016  6      21   3    16   11.751 24.95378 121.70106  14.37  4.91     4.82      3.67     9.09  17.809263
Sta     lat       lon       tc         pd           pv        pa     Mtc     MPd   receivetime
W295 24.95357  121.53871  6.0733   0.01040403   0.01741828  0.1865  9.4705  4.5847    4.0987
T003 25.01865  121.54160  3.8757   0.00666058   0.01138773  0.2346  8.6477  4.3164    4.1487
W036 24.82214  121.76872  4.0890   0.00429956   0.01093625  0.1139  8.7458  4.0531    4.3387
W317 25.10607  121.56393  3.1443   0.00820989   0.02264683  0.3273  8.2646  4.4422    4.5387
W042 24.74897  121.74692  3.9799   0.00698797   0.01941210  0.2867  8.6963  4.3453    5.3587
W10A 25.14955  121.77308  4.2126   0.00917596   0.00864320  0.1819  8.8004  4.5091    5.5487
W10E 25.03889  121.51305  5.6434   0.00871696   0.00827940  0.2333  9.3360  4.4782    5.9487
W31D 25.11950  121.50502  3.8421   0.00816066   0.02076851  0.2770  8.6317  4.4386    5.9887
W035 24.67872  121.60850  3.8517   0.00623278   0.01624216  0.2494  8.6363  4.2765    6.0387
W280 25.29173  121.56722  5.1555   0.00995356   0.00934534  0.2313  9.1704  4.5580    6.0587
W26B 25.04466  121.42691  4.8381   0.01092392   0.01950723  0.2475  9.0539  4.6140    7.2887
W337 24.92262  121.24998  5.5000   0.02370671   0.02798532  0.2537  9.2888  5.0800    9.0087
I002 24.97848  121.32059  4.6334   0.00870477   0.01306312  0.1393  8.9748  4.4774    9.6687
H007 24.76160  121.02380  5.4868   0.01106765   0.02212526  0.2318  9.2844  4.6218   12.3187
W043 24.48806  121.42564  7.9648   0.00954746   0.01135256  0.1739  9.9672  4.5330   13.0287
W17B 24.31721  121.29326  5.6249   0.01019206   0.01434768  0.2289  9.3300  4.5723   13.8587
H009 24.78420  121.00110  5.9758   0.01598735   0.01878495  0.2269  9.4408  4.8431   14.6087
count:0

Reporting time         2016/ 6/21  3:16:31.581
year  month  day  hour min  sec    lat      lon        dep    Cal_mpd  dayi_mpd  stu_mpd  mtc   process_time
2016  6      21   3    16   11.965 24.95473 121.69707  10.99  4.90     4.81      3.65     9.14  19.615588
Sta     lat       lon       tc         pd           pv        pa     Mtc     MPd   receivetime
W295 24.95357  121.53871  6.0733   0.01040403   0.01741828  0.1865  9.4705  4.5127    3.8849
T003 25.01865  121.54160  3.8757   0.00666058   0.01138773  0.2346  8.6477  4.2445    3.9349
W036 24.82214  121.76872  4.0890   0.00429956   0.01093625  0.1139  8.7458  3.9812    4.1249
W317 25.10607  121.56393  3.1443   0.00820989   0.02264683  0.3273  8.2646  4.3703    4.3249
W042 24.74897  121.74692  3.9799   0.00698797   0.01941210  0.2867  8.6963  4.2733    5.1449
W10A 25.14955  121.77308  4.2126   0.00917596   0.00864320  0.1819  8.8004  4.4372    5.3349
W10E 25.03889  121.51305  5.6434   0.00871696   0.00827940  0.2333  9.3360  4.4063    5.7349
W31D 25.11950  121.50502  3.8421   0.00816066   0.02076851  0.2770  8.6317  4.3667    5.7749
W035 24.67872  121.60850  3.8517   0.00623278   0.01624216  0.2494  8.6363  4.2046    5.8249
W280 25.29173  121.56722  5.1555   0.00995356   0.00934534  0.2313  9.1704  4.4861    5.8449
W26B 25.04466  121.42691  4.8381   0.01092392   0.01950723  0.2475  9.0539  4.5421    7.0749
W337 24.92262  121.24998  5.5000   0.02370671   0.02798532  0.2537  9.2888  5.0081    8.7949
H007 24.76160  121.02380  5.4868   0.01106765   0.02212526  0.2318  9.2844  4.5499   12.1049
W043 24.48806  121.42564  7.9648   0.00954746   0.01135256  0.1739  9.9672  4.4611   12.8149
W17B 24.31721  121.29326  5.6249   0.01019206   0.01434768  0.2289  9.3300  4.5004   13.6449
H009 24.78420  121.00110  5.9758   0.01598735   0.01878495  0.2269  9.4408  4.7711   14.3949
W253 24.79625  120.94407  6.9846   0.00770595   0.00780783  0.1821  9.7266  4.3322   16.1949
count:1

Reporting time         2016/ 6/21  3:16:33.608
year  month  day  hour min  sec    lat      lon        dep    Cal_mpd  dayi_mpd  stu_mpd  mtc   process_time
2016  6      21   3    16   11.965 24.95473 121.69707  10.99  4.90     4.81      3.65     9.14  21.643225
Sta     lat       lon       tc         pd           pv        pa     Mtc     MPd   receivetime
W295 24.95357  121.53871  6.0733   0.01040403   0.01741828  0.1865  9.4705  5.5698    3.8849
T003 25.01865  121.54160  3.8757   0.00666058   0.01138773  0.2346  8.6477  5.3016    3.9349
W036 24.82214  121.76872  4.0890   0.00429956   0.01093625  0.1139  8.7458  5.0383    4.1249
W317 25.10607  121.56393  3.1443   0.00820989   0.02264683  0.3273  8.2646  5.4274    4.3249
W042 24.74897  121.74692  3.9799   0.00698797   0.01941210  0.2867  8.6963  5.3304    5.1449
W10A 25.14955  121.77308  4.2126   0.00917596   0.00864320  0.1819  8.8004  5.4943    5.3349
W10E 25.03889  121.51305  5.6434   0.00871696   0.00827940  0.2333  9.3360  5.4634    5.7349
W31D 25.11950  121.50502  3.8421   0.00816066   0.02076851  0.2770  8.6317  5.4237    5.7749
W035 24.67872  121.60850  3.8517   0.00623278   0.01624216  0.2494  8.6363  5.2616    5.8249
W280 25.29173  121.56722  5.1555   0.00995356   0.00934534  0.2313  9.1704  5.5432    5.8449
W26B 25.04466  121.42691  4.8381   0.01092392   0.01950723  0.2475  9.0539  5.5992    7.0749
W337 24.92262  121.24998  5.5000   0.02370671   0.02798532  0.2537  9.2888  6.0652    8.7949
H007 24.76160  121.02380  5.4868   0.01106765   0.02212526  0.2318  9.2844  5.6070   12.1049
W043 24.48806  121.42564  7.9648   0.00954746   0.01135256  0.1739  9.9672  5.5182   12.8149
W17B 24.31721  121.29326  5.6249   0.01019206   0.01434768  0.2289  9.3300  5.5575   13.6449
H009 24.78420  121.00110  5.9758   0.01598735   0.01878495  0.2269  9.4408  5.8282   14.3949
W253 24.79625  120.94407  6.9846   0.00770595   0.00780783  0.1821  9.7266  5.3893   16.1949
count:2

Reporting time         2016/ 6/21  3:16:35.642
year  month  day  hour min  sec    lat      lon        dep    Cal_mpd  dayi_mpd  stu_mpd  mtc   process_time
2016  6      21   3    16   11.798 24.95480 121.70108  13.26  4.96     4.88      3.75     9.13  23.843427
Sta     lat       lon       tc         pd           pv        pa     Mtc     MPd   receivetime
W295 24.95357  121.53871  6.0733   0.01040403   0.01741828  0.1865  9.4705  4.7184    4.0519
T003 25.01865  121.54160  3.8757   0.00666058   0.01138773  0.2346  8.6477  4.4502    4.1019
W036 24.82214  121.76872  4.0890   0.00429956   0.01093625  0.1139  8.7458  4.1869    4.2919
W317 25.10607  121.56393  3.1443   0.00820989   0.02264683  0.3273  8.2646  4.5760    4.4919
W042 24.74897  121.74692  3.9799   0.00698797   0.01941210  0.2867  8.6963  4.4790    5.3119
W10A 25.14955  121.77308  4.2126   0.00917596   0.00864320  0.1819  8.8004  4.6429    5.5019
W10E 25.03889  121.51305  5.6434   0.00871696   0.00827940  0.2333  9.3360  4.6120    5.9019
W31D 25.11950  121.50502  3.8421   0.00816066   0.02076851  0.2770  8.6317  4.5724    5.9419
W035 24.67872  121.60850  3.8517   0.00623278   0.01624216  0.2494  8.6363  4.4102    5.9919
W280 25.29173  121.56722  5.1555   0.00995356   0.00934534  0.2313  9.1704  4.6918    6.0119
W26B 25.04466  121.42691  4.8381   0.01092392   0.01950723  0.2475  9.0539  4.7478    7.2419
W337 24.92262  121.24998  5.5000   0.02370671   0.02798532  0.2537  9.2888  5.2138    8.9619
H007 24.76160  121.02380  5.4868   0.01106765   0.02212526  0.2318  9.2844  4.7556   12.2719
W043 24.48806  121.42564  7.9648   0.00954746   0.01135256  0.1739  9.9672  4.6668   12.9819
W17B 24.31721  121.29326  5.6249   0.01019206   0.01434768  0.2289  9.3300  4.7061   13.8119
H009 24.78420  121.00110  5.9758   0.01598735   0.01878495  0.2269  9.4408  4.9768   14.5619
W253 24.79625  120.94407  6.9846   0.00770595   0.00780783  0.1821  9.7266  4.5379   16.3619
W022 23.86764  121.55681  4.6427   0.00621764   0.01478885  0.2395  8.9785  4.4088   20.9919
count:3

Reporting time         2016/ 6/21  3:16:37.678
year  month  day  hour min  sec    lat      lon        dep    Cal_mpd  dayi_mpd  stu_mpd  mtc   process_time
2016  6      21   3    16   18.944 24.46832 121.18520  27.45  5.27     5.19      4.17     9.38  18.734169
Sta     lat       lon       tc         pd           pv        pa     Mtc     MPd   receivetime
W043 24.48806  121.42564  7.9648   0.00954746   0.01135256  0.1739  9.9672  5.4174    5.8364
W17B 24.31721  121.29326  5.6249   0.01019206   0.01434768  0.2289  9.3300  5.4567    6.6664
H009 24.78420  121.00110  5.9758   0.01598735   0.01878495  0.2269  9.4408  5.7275    7.4164
W07D 24.12305  121.15710  4.8030   0.01004745   0.01752295  0.2166  9.0406  5.4481    8.0964
W096 24.09233  120.88747  6.5592   0.00390758   0.00736261  0.0641  9.6115  4.8801    8.1964
W253 24.79625  120.94407  6.9846   0.00770595   0.00780783  0.1821  9.7266  5.2885    9.2164
W16B 24.30141  120.71145  5.9745   0.00646816   0.01160739  0.2325  9.4404  5.1832   10.0464
W249 24.79927  120.99942  3.5095   0.00324926   0.00675465  0.2381  8.4658  4.7691   10.2364
W276 25.01560  121.48339  6.3335   0.01432512   0.01810979  0.1895  9.5473  5.6615   10.2964
W279 24.95205  121.48672  7.3377   0.01703239   0.01256733  0.2321  9.8169  5.7656   11.6464
W041 24.68083  121.76211  4.8737   0.00559172   0.00905664  0.1988  9.0674  5.0956   12.0464
W108 24.96824  121.19525  5.9359   0.01248648   0.01379929  0.1268  9.4286  5.5789   12.3264
W090 24.02594  120.92143  5.3791   0.00687414   0.01235582  0.1693  9.2481  5.2198   12.3564
W03B 24.69658  121.81144  5.0332   0.00230565   0.00851993  0.1876  9.1264  4.5628   12.5864
W022 23.86764  121.55681  4.6427   0.00621764   0.01478885  0.2395  8.9785  5.1595   13.8464
W319 25.16850  121.53883  5.4858   0.01094523   0.02174541  0.2361  9.2841  5.4996   14.0964
W351 24.14700  120.47630  6.0018   0.00705668   0.01410701  0.2961  9.4488  5.2356   14.1764
W048 24.57900  121.86786  3.0322   0.00506712   0.02119983  0.2248  8.1981  5.0364   14.4464
W082 23.71197  120.87150  6.2118   0.00484740   0.01889838  0.3003  9.5118  5.0097   15.2364
W08F 23.90400  120.67964  6.7712   0.01554700   0.01624584  0.1718  9.6697  5.7107   16.0264
W35C 23.94870  120.44320  5.2224   0.00862855   0.02068874  0.2296  9.1940  5.3566   16.7064
W384 23.75990  120.61760  7.6757   0.00689569   0.01452483  0.2433  9.8994  5.2217   16.8464
count:4

Reporting time         2016/ 6/21  3:16:42.726
year  month  day  hour min  sec    lat      lon        dep    Cal_mpd  dayi_mpd  stu_mpd  mtc   process_time
2016  6      21   3    16   24.406 22.65911 120.57037  78.07  5.74     5.68      4.87     9.45  18.320018
Sta     lat       lon       tc         pd           pv        pa     Mtc     MPd   receivetime
W145 22.76597  120.64464  7.2877   0.02774660   0.03090577  0.2633  9.8044  6.4185   11.1142
W21D 22.96995  120.29737  4.9680   0.01245171   0.01901112  0.1842  9.1025  5.9365   13.6042
L021 23.14890  120.63200  5.9805   0.00366345   0.01278657  0.1814  9.4423  5.2006   14.5742
W19C 23.38173  120.52997  6.4870   0.01100937   0.01765251  0.1268  9.5912  5.8624   15.5742
W211 23.37680  120.44500  5.1616   0.00455429   0.00812102  0.1790  9.1725  5.3315   15.8942
W12A 23.13189  121.17683  6.0535   0.01205613   0.01535061  0.2842  9.4645  5.9171   16.5442
count:0

Reporting time         2016/ 6/21  3:16:44.733
year  month  day  hour min  sec    lat      lon        dep    Cal_mpd  dayi_mpd  stu_mpd  mtc   process_time
2016  6      21   3    16   34.700 24.87059 121.38717   9.48  4.47     4.37      3.01     9.38  10.033522
Sta     lat       lon       tc         pd           pv        pa     Mtc     MPd   receivetime
I001 24.97848  121.32059  7.9814   0.02034718   0.02698074  0.2383  9.9710  4.9222    2.2803
W27B 24.90215  121.55313  6.7470   0.01694294   0.02974852  0.2994  9.6632  4.8121    4.0903
W26C 25.06221  121.43164  6.1086   0.00577839   0.01250545  0.1820  9.4811  4.1651    4.8703
W271 25.14945  121.40343  5.9783   0.00805480   0.02187584  0.2368  9.4416  4.3649    5.1603
W108 24.96824  121.19525  5.8441   0.00653586   0.01468780  0.1689  9.4000  4.2392    6.1503
W273 25.08433  121.46965  4.1644   0.00326203   0.01156421  0.1738  8.7793  3.8212    6.2303
W109 25.04072  121.61407  4.6308   0.00584407   0.01447490  0.2575  8.9737  4.1719    6.4303
W036 24.82214  121.76872  6.4339   0.00256316   0.00686369  0.0701  9.5762  3.6761    7.6203
W241 24.63153  121.11806  4.1630   0.00539970   0.00979452  0.1830  8.7787  4.1243    7.8603
count:0

Reporting time         2016/ 6/21  3:16:46.745
year  month  day  hour min  sec    lat      lon        dep    Cal_mpd  dayi_mpd  stu_mpd  mtc   process_time
2016  6      21   3    16   31.418 24.07618 120.38373  34.75  5.10     5.03      3.93     9.52  15.327106
Sta     lat       lon       tc         pd           pv        pa     Mtc     MPd   receivetime
W362 24.01720  120.56570  5.7260   0.01034305   0.02244148  0.2924  9.3626  5.0606    6.6519
W378 23.81670  120.41390  6.6823   0.00540705   0.00762054  0.1743  9.6455  4.6704    7.6219
W16A 24.35180  120.62500  8.0012   0.00716550   0.00904034  0.1469  9.9755  4.8398    8.9519
W096 24.09233  120.88747  6.8684   0.00332065   0.00795062  0.0658  9.6958  4.3772    9.6819
W19D 23.52022  120.55330  5.6103   0.01176958   0.01918432  0.2667  9.3252  5.1383   10.0019
W380 23.67730  120.51390  5.7160   0.00757392   0.02537769  0.3697  9.3594  4.8731   10.0319
W08E 23.80942  120.72117  6.1742   0.00620336   0.02764807  0.3349  9.5007  4.7531   10.0919
W093 24.06319  120.97000  5.2708   0.01005629   0.02715588  0.2327  9.2109  5.0437   11.5919
count:0

Reporting time         2016/ 6/21  3:16:48.763
year  month  day  hour min  sec    lat      lon        dep    Cal_mpd  dayi_mpd  stu_mpd  mtc   process_time
2016  6      21   3    16   27.640 23.64034 120.46434  82.91  5.75     5.69      4.88     9.46  21.123009
Sta     lat       lon       tc         pd           pv        pa     Mtc     MPd   receivetime
W190 23.47525  120.61983  7.0881   0.01592045   0.02506989  0.1611  9.7535  6.0566   10.3899
W378 23.81670  120.41390  6.6823   0.00540705   0.00762054  0.1743  9.6455  5.4071   11.3999
W19C 23.38173  120.52997  6.4870   0.01100937   0.01765251  0.1268  9.5912  5.8348   12.3399
W211 23.37680  120.44500  5.1616   0.00455429   0.00812102  0.1790  9.1725  5.3038   12.6599
W19D 23.52022  120.55330  5.6103   0.01176958   0.01918432  0.2667  9.3252  5.8749   13.7799
W380 23.67730  120.51390  5.7160   0.00757392   0.02537769  0.3697  9.3594  5.6098   13.8099
W08E 23.80942  120.72117  6.1742   0.00620336   0.02764807  0.3349  9.5007  5.4897   13.8699
W059 22.99622  120.63400  5.7910   0.01062428   0.01144543  0.3081  9.3833  5.8133   14.6099
W093 24.06319  120.97000  5.2708   0.01005629   0.02715588  0.2327  9.2109  5.7803   15.3699
W21B 23.03742  120.31105  5.5907   0.00943290   0.01645833  0.2385  9.3188  5.7418   15.5299
W22E 22.96208  120.25382  6.6836   0.01015915   0.02216113  0.5812  9.6459  5.7864   16.7499
W124 23.04483  121.14619  4.9544   0.01678546   0.03791367  1.0013  9.0975  6.0885   18.3699
W13C 22.74364  120.63914  7.3169   0.01790741   0.01833250  0.1311  9.8117  6.1274   18.8999
count:0

Reporting time         2016/ 6/21  3:16:50.784
year  month  day  hour min  sec    lat      lon        dep    Cal_mpd  dayi_mpd  stu_mpd  mtc   process_time
2016  6      21   3    16   21.235 23.93284 119.98797 126.15  6.00     5.94      5.23     9.46  29.549008
Sta     lat       lon       tc         pd           pv        pa     Mtc     MPd   receivetime
W373 23.70970  120.19120  7.0327   0.01344005   0.01886071  0.1644  9.7392  6.3041   17.7550
W378 23.81670  120.41390  6.6823   0.00540705   0.00762054  0.1743  9.6455  5.7565   17.8050
W19C 23.38173  120.52997  6.4870   0.01100937   0.01765251  0.1268  9.5912  6.1841   18.7450
W211 23.37680  120.44500  5.1616   0.00455429   0.00812102  0.1790  9.1725  5.6532   19.0650
W19D 23.52022  120.55330  5.6103   0.01176958   0.01918432  0.2667  9.3252  6.2243   20.1850
W380 23.67730  120.51390  5.7160   0.00757392   0.02537769  0.3697  9.3594  5.9592   20.2150
W08E 23.80942  120.72117  6.1742   0.00620336   0.02764807  0.3349  9.5007  5.8391   20.2750
W093 24.06319  120.97000  5.2708   0.01005629   0.02715588  0.2327  9.2109  6.1297   21.7750
W21B 23.03742  120.31105  5.5907   0.00943290   0.01645833  0.2385  9.3188  6.0912   21.9350
W22E 22.96208  120.25382  6.6836   0.01015915   0.02216113  0.5812  9.6459  6.1358   23.1550
count:0

Reporting time         2016/ 6/21  3:16:52.803
year  month  day  hour min  sec    lat      lon        dep    Cal_mpd  dayi_mpd  stu_mpd  mtc   process_time
2016  6      21   3    16   24.943 25.20696 121.48869 105.12  5.76     5.70      4.86     9.39  27.859471
Sta     lat       lon       tc         pd           pv        pa     Mtc     MPd   receivetime
W31E 25.14193  121.50978  7.1694   0.01160534   0.01181137  0.1679  9.7744  5.8526   13.6569
W27B 24.90215  121.55313  6.7470   0.01694294   0.02974852  0.2994  9.6632  6.0802   13.8469
W10A 25.14955  121.77308  6.3347   0.01115046   0.00647625  0.2686  9.5477  5.8286   14.3369
W26C 25.06221  121.43164  6.1086   0.00577839   0.01250545  0.1820  9.4811  5.4332   14.6269
W271 25.14945  121.40343  5.9783   0.00805480   0.02187584  0.2368  9.4416  5.6330   14.9169
W03B 24.69658  121.81144  5.6167   0.01489610   0.01760079  0.2979  9.3273  6.0028   15.0669
W305 25.12872  121.78325  5.6616   0.00969988   0.01586291  0.2514  9.3419  5.7448   15.5869
W28C 25.01510  121.80441  6.0050   0.01467372   0.01942835  0.2243  9.4498  5.9937   15.7869
W108 24.96824  121.19525  5.8441   0.00653586   0.01468780  0.1689  9.4000  5.5073   15.9069
W273 25.08433  121.46965  4.1644   0.00326203   0.01156421  0.1738  8.7793  5.0893   15.9869
W109 25.04072  121.61407  4.6308   0.00584407   0.01447490  0.2575  8.9737  5.4400   16.1869
W036 24.82214  121.76872  6.4339   0.00256316   0.00686369  0.0701  9.5762  4.9442   17.3769
W241 24.63153  121.11806  4.1630   0.00539970   0.00979452  0.1830  8.7787  5.3924   17.6169
W013 23.96519  121.49444  6.1722   0.00874833   0.02891552  0.7702  9.5001  5.6826   23.8069
W096 24.09233  120.88747  6.8361   0.00198911   0.00444985  0.0606  9.6872  4.7917   24.0869
W07D 24.12305  121.15710  5.1704   0.00917255   0.01672356  0.2953  9.1757  5.7111   24.6069
W351 24.14700  120.47630  5.5883   0.00709393   0.01296566  0.2376  9.3180  5.5566   25.9669
count:0

Reporting time         2016/ 6/21  3:16:54.831
year  month  day  hour min  sec    lat      lon        dep    Cal_mpd  dayi_mpd  stu_mpd  mtc   process_time
2016  6      21   3    16   34.594 23.21489 121.54428  23.76  5.63     5.56      4.74     9.44  20.237441
Sta     lat       lon       tc         pd           pv        pa     Mtc     MPd   receivetime
W12A 23.13189  121.17683  6.0535   0.01205613   0.01535061  0.2842  9.4645  5.8641    6.3563
W120 23.07503  121.35258  6.4779   0.01214972   0.04018444  1.2183  9.5886  5.8687    6.4163
W017 23.49733  121.44575  5.5840   0.01382306   0.03796226  0.5818  9.3166  5.9463    7.2363
W114 22.99828  121.28519  6.9765   0.01440848   0.03932192  0.7136  9.7245  5.9713    7.8463
W12A 23.13189  121.17683  3.1806   0.01065929   0.07766564  1.8378  8.2856  5.7900    8.4863
W124 23.04483  121.14619  4.8746   0.00661809   0.03232815  0.7754  9.0677  5.5033    8.7863
W118 22.89358  121.06353  6.5862   0.01035997   0.01676932  0.5038  9.6190  5.7729   10.1463
W005 23.65500  121.41928  5.7741   0.01790168   0.04621904  1.9047  9.3779  6.1019   10.3163
W124 23.04483  121.14619  4.9544   0.01678546   0.03791367  1.0013  9.0975  6.0631   11.4163
W00A 23.75417  121.46856  8.8781   0.01148597   0.06103527  1.5761 10.1660  5.8349   11.5063
W013 23.96519  121.49444  6.1722   0.00874833   0.02891552  0.7702  9.5001  5.6712   14.1563
W073 23.64019  120.86956  7.9320   0.00663214   0.03126096  0.9097  9.9596  5.5046   14.8463
W20C 23.45330  120.74920  5.2748   0.01416773   0.03767257  0.9478  9.2123  5.9611   15.0863
W13C 22.74364  120.63914  7.1529   0.00762559   0.00898590  0.1717  9.7702  5.5885   15.4463
W105 23.60964  120.56989  6.6027   0.02158838   0.02189533  0.2027  9.6236  6.2145   15.5863
W200 23.30036  120.66678  5.3692   0.00617412   0.02078016  0.6604  9.2448  5.4615   15.6663
W204 23.38294  120.66810  5.9123   0.02346621   0.04254151  0.5707  9.4213  6.2647   15.7763
W199 23.52969  120.73967  4.8683   0.01213249   0.02473477  0.8869  9.0653  5.8679   16.1063
W07B 23.78489  120.86444  6.5000   0.01568839   0.04322866  0.9625  9.5949  6.0225   16.2763
W208 23.46835  120.70141  6.5662   0.02937568   0.04536359  1.2149  9.6134  6.3998   16.3863
W07C 23.94253  120.92633  5.6986   0.01730632   0.03798615  0.4915  9.3538  6.0815   17.1963
W203 23.55551  120.66908  5.1994   0.00884608   0.03216321  0.4255  9.1859  5.6778   17.3663
W190 23.47525  120.61983  6.5996   0.00780676   0.03592063  0.7202  9.6227  5.6027   17.4363
W079 23.89097  120.88953  5.4395   0.01480818   0.02582821  0.8499  9.2686  5.9877   17.8263
W197 23.54247  120.63428  5.7890   0.01543220   0.03401552  0.6784  9.3827  6.0126   18.0063
W089 23.82784  120.78661  6.0280   0.01115468   0.07334149  1.4408  9.4568  5.8173   18.0863
L016 22.74430  120.73220  5.7889   0.00705998   0.01120751  0.2892  9.3826  5.5422   18.3963
count:0

Reporting time         2016/ 6/21  3:16:56.864
year  month  day  hour min  sec    lat      lon        dep    Cal_mpd  dayi_mpd  stu_mpd  mtc   process_time
2016  6      21   3    16   34.667 23.23285 121.54365  20.03  5.69     5.63      4.82     9.46  22.197419
Sta     lat       lon       tc         pd           pv        pa     Mtc     MPd   receivetime
W004 23.40583  121.31997  4.5549   0.00362625   0.01614385  0.1850  8.9435  5.0409    3.6732
W12A 23.13189  121.17683  6.0535   0.01205613   0.01535061  0.2842  9.4645  5.7635    6.2832
W120 23.07503  121.35258  6.4779   0.01214972   0.04018444  1.2183  9.5886  5.7682    6.3432
W017 23.49733  121.44575  5.5840   0.01382306   0.03796226  0.5818  9.3166  5.8458    7.1632
W114 22.99828  121.28519  6.9765   0.01440848   0.03932192  0.7136  9.7245  5.8707    7.7732
W12A 23.13189  121.17683  3.1806   0.01065929   0.07766564  1.8378  8.2856  5.6895    8.4132
W124 23.04483  121.14619  4.8746   0.00661809   0.03232815  0.7754  9.0677  5.4028    8.7132
W118 22.89358  121.06353  6.5862   0.01035997   0.01676932  0.5038  9.6190  5.6723   10.0732
W005 23.65500  121.41928  5.7741   0.01790168   0.04621904  1.9047  9.3779  6.0013   10.2432
W124 23.04483  121.14619  4.9544   0.01678546   0.03791367  1.0013  9.0975  5.9626   11.3432
W00A 23.75417  121.46856  8.8781   0.01148597   0.06103527  1.5761 10.1660  5.7344   11.4332
W013 23.96519  121.49444  6.1722   0.00874833   0.02891552  0.7702  9.5001  5.5706   14.0832
W073 23.64019  120.86956  7.9320   0.00663214   0.03126096  0.9097  9.9596  5.4041   14.7732
W07D 24.12305  121.15710  5.1704   0.00917255   0.01672356  0.2953  9.1757  5.5991   14.8832
W20C 23.45330  120.74920  5.2748   0.01416773   0.03767257  0.9478  9.2123  5.8606   15.0132
W13C 22.74364  120.63914  7.1529   0.00762559   0.00898590  0.1717  9.7702  5.4880   15.3732
W105 23.60964  120.56989  6.6027   0.02158838   0.02189533  0.2027  9.6236  6.1140   15.5132
W200 23.30036  120.66678  5.3692   0.00617412   0.02078016  0.6604  9.2448  5.3610   15.5932
W204 23.38294  120.66810  5.9123   0.02346621   0.04254151  0.5707  9.4213  6.1641   15.7032
W199 23.52969  120.73967  4.8683   0.01213249   0.02473477  0.8869  9.0653  5.7673   16.0332
W07B 23.78489  120.86444  6.1920   0.01568839   0.04322866  0.9625  9.5059  5.9219   16.2032
W208 23.46835  120.70141  6.9745   0.02937568   0.04536359  1.2149  9.7239  6.2992   16.3132
W07C 23.94253  120.92633  5.6986   0.01730632   0.03798615  0.4915  9.3538  5.9810   17.1232
W203 23.55551  120.66908  5.1994   0.00884608   0.03216321  0.4255  9.1859  5.5773   17.2932
W190 23.47525  120.61983  6.5996   0.00780676   0.03592063  0.7202  9.6227  5.5021   17.3632
W079 23.89097  120.88953  5.4395   0.01480818   0.02582821  0.8499  9.2686  5.8872   17.7532
W197 23.54247  120.63428  5.7890   0.01543220   0.03401552  0.6784  9.3827  5.9120   17.9332
W089 23.82784  120.78661  6.5340   0.01993836   0.07334149  1.4408  9.6044  6.0661   18.0132
L016 22.74430  120.73220  5.7889   0.00705998   0.01120751  0.2892  9.3826  5.4417   18.3232
W096 24.09233  120.88747  6.7264   0.00200815   0.00530037  0.1211  9.6576  4.6854   18.4832
W081 23.71425  120.65486  5.2857   0.01770310   0.03650817  0.5748  9.2160  5.9946   18.6332
W19C 23.38173  120.52997  6.1428   0.01173704   0.01891906  0.5220  9.4913  5.7474   18.7032
W105 23.60964  120.56989  6.5487   0.01839076   0.03308405  0.5717  9.6085  6.0175   18.7632
W201 23.58751  120.55157  5.8874   0.00321464   0.02833876  0.8144  9.4135  4.9684   19.1032
W216 23.25806  120.37277  7.2495   0.01942738   0.03375549  0.3044  9.7948  6.0505   19.1832
W385 23.76800  120.56340  5.9617   0.01277846   0.02980789  0.9207  9.4365  5.7985   19.4132
W14B 22.23511  120.80297  6.0530   0.01129888   0.02472257  0.2352  9.4643  5.7245   19.4232
W133 22.70244  120.63556  8.4599   0.00719689   0.01640341  0.2882 10.0776  5.4532   19.5132
W368 23.81100  120.61700  5.9348   0.01291682   0.04941311  0.9084  9.4282  5.8050   19.5232
W08A 23.87003  120.67644  6.6987   0.01409304   0.04008371  1.3501  9.6500  5.8574   19.5432
W20F 23.48350  120.48670  4.3204   0.00457134   0.02320616  0.5802  8.8466  5.1802   19.5632
W104 22.64717  120.60228  7.3527   0.00415678   0.00754826  0.1174  9.8207  5.1230   20.0732
W37F 23.71530  120.52910  6.2442   0.01853906   0.04325769  0.4583  9.5213  6.0224   20.1232
W18D 23.56510  120.47540  4.4028   0.01182574   0.03617795  0.6857  8.8812  5.7519   20.1332
W192 23.55764  120.48186  6.3959   0.00643779   0.01828931  0.4930  9.5653  5.3862   20.1532
W08F 23.90400  120.67964  6.2995   0.02073869   0.03645001  0.7697  9.5375  6.0898   20.1832
W17B 24.31721  121.29326  6.1971   0.00889375   0.01802645  0.2827  9.5075  5.5805   20.3032
count:1

Reporting time         2016/ 6/21  3:16:58.912
year  month  day  hour min  sec    lat      lon        dep    Cal_mpd  dayi_mpd  stu_mpd  mtc   process_time
2016  6      21   3    16   34.572 23.23882 121.56002  19.98  5.83     5.77      5.02     9.49  24.339338
Sta     lat       lon       tc         pd           pv        pa     Mtc     MPd   receivetime
W12A 23.13189  121.17683  6.0535   0.01205613   0.01535061  0.2842  9.4645  5.8904    6.3775
W120 23.07503  121.35258  6.4779   0.01214972   0.04018444  1.2183  9.5886  5.8950    6.4375
W017 23.49733  121.44575  5.5840   0.01382306   0.03796226  0.5818  9.3166  5.9726    7.2575
W114 22.99828  121.28519  6.9765   0.01440848   0.03932192  0.7136  9.7245  5.9976    7.8675
W12A 23.13189  121.17683  3.1806   0.01065929   0.07766564  1.8378  8.2856  5.8163    8.5075
W124 23.04483  121.14619  4.8746   0.00661809   0.03232815  0.7754  9.0677  5.5296    8.8075
W118 22.89358  121.06353  6.5862   0.01035997   0.01676932  0.5038  9.6190  5.7992   10.1675
W005 23.65500  121.41928  5.7741   0.01790168   0.04621904  1.9047  9.3779  6.1282   10.3375
W124 23.04483  121.14619  4.9544   0.01678546   0.03791367  1.0013  9.0975  6.0894   11.4375
W00A 23.75417  121.46856  8.8781   0.01148597   0.06103527  1.5761 10.1660  5.8612   11.5275
W013 23.96519  121.49444  6.1722   0.00874833   0.02891552  0.7702  9.5001  5.6975   14.1775
W073 23.64019  120.86956  7.9320   0.00663214   0.03126096  0.9097  9.9596  5.5309   14.8675
W07D 24.12305  121.15710  5.1704   0.00917255   0.01672356  0.2953  9.1757  5.7260   14.9775
W20C 23.45330  120.74920  5.2748   0.01416773   0.03767257  0.9478  9.2123  5.9875   15.1075
W13C 22.74364  120.63914  7.1529   0.00762559   0.00898590  0.1717  9.7702  5.6149   15.4675
W105 23.60964  120.56989  6.6027   0.02158838   0.02189533  0.2027  9.6236  6.2408   15.6075
W200 23.30036  120.66678  5.3692   0.00617412   0.02078016  0.6604  9.2448  5.4878   15.6875
W204 23.38294  120.66810  5.9123   0.02346621   0.04254151  0.5707  9.4213  6.2910   15.7975
W199 23.52969  120.73967  4.8683   0.01213249   0.02473477  0.8869  9.0653  5.8942   16.1275
W07B 23.78489  120.86444  6.0738   0.01568839   0.04322866  0.9625  9.4706  6.0488   16.2975
W208 23.46835  120.70141  7.1665   0.02937568   0.04536359  1.2149  9.7737  6.4261   16.4075
W07C 23.94253  120.92633  5.6986   0.01730632   0.03798615  0.4915  9.3538  6.1078   17.2175
W203 23.55551  120.66908  5.1994   0.00884608   0.03216321  0.4255  9.1859  5.7042   17.3875
W190 23.47525  120.61983  6.5996   0.00780676   0.03592063  0.7202  9.6227  5.6290   17.4575
W079 23.89097  120.88953  5.4395   0.01480818   0.02582821  0.8499  9.2686  6.0140   17.8475
W197 23.54247  120.63428  5.7890   0.01543220   0.03401552  0.6784  9.3827  6.0389   18.0275
W089 23.82784  120.78661  6.8047   0.02000280   0.07334149  1.4408  9.6788  6.1949   18.1075
L016 22.74430  120.73220  5.7889   0.00705998   0.01120751  0.2892  9.3826  5.5685   18.4175
W096 24.09233  120.88747  6.7264   0.00200815   0.00530037  0.1211  9.6576  4.8123   18.5775
W081 23.71425  120.65486  5.2857   0.01770310   0.03650817  0.5748  9.2160  6.1215   18.7275
W19C 23.38173  120.52997  6.1428   0.01173704   0.01891906  0.5220  9.4913  5.8742   18.7975
W105 23.60964  120.56989  6.5487   0.01839076   0.03308405  0.5717  9.6085  6.1444   18.8575
W201 23.58751  120.55157  5.8874   0.00321464   0.02833876  0.8144  9.4135  5.0953   19.1975
W216 23.25806  120.37277  7.2495   0.01942738   0.03375549  0.3044  9.7948  6.1774   19.2775
W385 23.76800  120.56340  5.9617   0.01277846   0.02980789  0.9207  9.4365  5.9254   19.5075
W14B 22.23511  120.80297  6.0530   0.01129888   0.02472257  0.2352  9.4643  5.8514   19.5175
W133 22.70244  120.63556  8.4599   0.00719689   0.01640341  0.2882 10.0776  5.5800   19.6075
W368 23.81100  120.61700  5.6756   0.01291682   0.04941311  0.9084  9.3464  5.9319   19.6175
W08A 23.87003  120.67644  6.5515   0.01602922   0.04008371  1.3501  9.6093  6.0617   19.6375
W20F 23.48350  120.48670  4.3204   0.00457134   0.02320616  0.5802  8.8466  5.3071   19.6575
W104 22.64717  120.60228  7.3527   0.00415678   0.00754826  0.1174  9.8207  5.2499   20.1675
W37F 23.71530  120.52910  6.3110   0.02740503   0.04325769  0.4583  9.5408  6.3843   20.2175
W18D 23.56510  120.47540  4.4028   0.01182574   0.03617795  0.6857  8.8812  5.8788   20.2275
W192 23.55764  120.48186  6.3959   0.00643779   0.01828931  0.4930  9.5653  5.5130   20.2475
W08F 23.90400  120.67964  6.2995   0.02073869   0.03645001  0.7697  9.5375  6.2166   20.2775
W17B 24.31721  121.29326  6.1971   0.00889375   0.01802645  0.2827  9.5075  5.7074   20.3975
W388 23.64720  120.45920  7.1458   0.01468331   0.03378242  0.4171  9.7684  6.0090   20.6075
W217 23.32352  120.40512  5.3864   0.00501334   0.01527530  0.3754  9.2506  5.3626   20.6775
W097 23.94122  120.66786  6.4722   0.02670094   0.03795050  0.4744  9.5870  6.3686   20.6875
W17E 24.18344  120.92958  7.1974   0.00712289   0.01040656  0.3637  9.7816  5.5738   20.7575
W220 23.03332  120.26783  6.6568   0.01392209   0.01955034  0.2206  9.6385  5.9769   20.8575
W135 22.66703  120.60014  6.0139   0.01843680   0.02438911  0.3175  9.4525  6.1459   20.8875
W18B 24.17119  120.89586  6.5047   0.00689688   0.02754994  1.0007  9.5962  5.5544   20.8975
W16A 24.35180  120.62500  7.7772   0.00443981   0.01120324  0.1606  9.9235  5.2895   20.9175
W071 23.98092  120.68628  6.5576   0.01342105   0.03737704  0.8691  9.6110  5.9549   20.9875
W218 23.18925  120.34232  6.9914   0.01180427   0.01807142  0.2694  9.7284  5.8777   21.0575
W364 23.96840  120.60130  6.7804   0.00958860   0.02223419  0.7038  9.6722  5.7526   21.2175
W377 23.76720  120.45830  6.8282   0.01776152   0.03857676  0.7291  9.6851  6.1234   21.2875
W03E 24.46703  121.80108  5.6885   0.01042845   0.02530886  0.3124  9.3506  5.8031   21.3175
W35A 23.89270  120.47810  4.8237   0.00910220   0.02940380  0.8238  9.0485  5.7213   21.7975
W362 24.01720  120.56570  5.4817   0.00826772   0.02441970  0.7231  9.2827  5.6635   22.0775
W144 22.71719  120.48622  6.8725   0.00987573   0.03753824  0.4126  9.6969  5.7704   22.1075
W211 23.37680  120.44500  6.0045   0.01697488   0.01792194  0.1742  9.4496  6.0962   22.1275
W13C 22.74364  120.63914  6.7128   0.00456105   0.01705039  0.4748  9.6539  5.3057   22.1975
W35B 23.91870  120.50440  6.3870   0.01197908   0.02330191  0.7593  9.5628  5.8865   22.2675
count:2

Reporting time         2016/ 6/21  3:17: 0.963
year  month  day  hour min  sec    lat      lon        dep    Cal_mpd  dayi_mpd  stu_mpd  mtc   process_time
2016  6      21   3    16   36.367 23.30276 121.44133  17.69  5.81     5.75      4.99     9.49  24.595938
Sta     lat       lon       tc         pd           pv        pa     Mtc     MPd   receivetime
W120 23.07503  121.35258  6.4779   0.01214972   0.04018444  1.2183  9.5886  5.7234    4.6431
W017 23.49733  121.44575  5.5840   0.01382306   0.03796226  0.5818  9.3166  5.8010    5.4631
W114 22.99828  121.28519  6.9765   0.01440848   0.03932192  0.7136  9.7245  5.8259    6.0731
W12A 23.13189  121.17683  3.1806   0.01065929   0.07766564  1.8378  8.2856  5.6446    6.7131
W124 23.04483  121.14619  4.8746   0.00661809   0.03232815  0.7754  9.0677  5.3580    7.0131
W118 22.89358  121.06353  6.5862   0.01035997   0.01676932  0.5038  9.6190  5.6275    8.3731
W005 23.65500  121.41928  5.7741   0.01790168   0.04621904  1.9047  9.3779  5.9565    8.5431
W124 23.04483  121.14619  4.9544   0.01678546   0.03791367  1.0013  9.0975  5.9178    9.6431
W00A 23.75417  121.46856  8.8781   0.01148597   0.06103527  1.5761 10.1660  5.6896    9.7331
W013 23.96519  121.49444  6.1722   0.00874833   0.02891552  0.7702  9.5001  5.5258   12.3831
W073 23.64019  120.86956  7.9320   0.00663214   0.03126096  0.9097  9.9596  5.3592   13.0731
W07D 24.12305  121.15710  5.1704   0.00917255   0.01672356  0.2953  9.1757  5.5543   13.1831
W20C 23.45330  120.74920  5.2748   0.01416773   0.03767257  0.9478  9.2123  5.8158   13.3131
W105 23.60964  120.56989  6.6027   0.02158838   0.02189533  0.2027  9.6236  6.0691   13.8131
W200 23.30036  120.66678  5.3692   0.00617412   0.02078016  0.6604  9.2448  5.3162   13.8931
W204 23.38294  120.66810  5.9123   0.02346621   0.04254151  0.5707  9.4213  6.1193   14.0031
W199 23.52969  120.73967  4.8683   0.01213249   0.02473477  0.8869  9.0653  5.7225   14.3331
W07C 23.94253  120.92633  5.6986   0.01730632   0.03798615  0.4915  9.3538  5.9362   15.4231
W203 23.55551  120.66908  5.1994   0.00884608   0.03216321  0.4255  9.1859  5.5325   15.5931
W190 23.47525  120.61983  6.5996   0.00780676   0.03592063  0.7202  9.6227  5.4573   15.6631
W079 23.89097  120.88953  5.4395   0.01480818   0.02582821  0.8499  9.2686  5.8424   16.0531
W197 23.54247  120.63428  5.7890   0.01543220   0.03401552  0.6784  9.3827  5.8672   16.2331
W089 23.82784  120.78661  6.2708   0.02741602   0.07334149  1.4408  9.5291  6.2129   16.3131
W128 22.74683  121.13703  6.1461   0.01604163   0.00987966  0.4243  9.4923  5.8905   16.3331
L016 22.74430  120.73220  5.7889   0.00705998   0.01120751  0.2892  9.3826  5.3968   16.6231
W096 24.09233  120.88747  6.7264   0.00200815   0.00530037  0.1211  9.6576  4.6406   16.7831
W081 23.71425  120.65486  5.2857   0.01770310   0.03650817  0.5748  9.2160  5.9498   16.9331
W19C 23.38173  120.52997  6.1428   0.01173704   0.01891906  0.5220  9.4913  5.7026   17.0031
W105 23.60964  120.56989  6.5487   0.01839076   0.03308405  0.5717  9.6085  5.9727   17.0631
W201 23.58751  120.55157  5.8874   0.00321464   0.02833876  0.8144  9.4135  4.9236   17.4031
W216 23.25806  120.37277  7.2495   0.01942738   0.03375549  0.3044  9.7948  6.0057   17.4831
W385 23.76800  120.56340  5.9617   0.01277846   0.02980789  0.9207  9.4365  5.7537   17.7131
W133 22.70244  120.63556  8.4599   0.00719689   0.01640341  0.2882 10.0776  5.4084   17.8131
W368 23.81100  120.61700  6.0506   0.02320528   0.04941311  0.9084  9.4636  6.1126   17.8231
W08A 23.87003  120.67644  6.5564   0.01942691   0.04008371  1.3501  9.6107  6.0057   17.8431
W20F 23.48350  120.48670  4.3204   0.00457134   0.02320616  0.5802  8.8466  5.1354   17.8631
W104 22.64717  120.60228  7.3527   0.00415678   0.00754826  0.1174  9.8207  5.0782   18.3731
W37F 23.71530  120.52910  6.2375   0.02740503   0.04325769  0.4583  9.5193  6.2126   18.4231
W18D 23.56510  120.47540  4.4028   0.01182574   0.03617795  0.6857  8.8812  5.7071   18.4331
W192 23.55764  120.48186  6.3959   0.00643779   0.01828931  0.4930  9.5653  5.3413   18.4531
W08F 23.90400  120.67964  6.2995   0.02073869   0.03645001  0.7697  9.5375  6.0450   18.4831
W17B 24.31721  121.29326  6.1971   0.00889375   0.01802645  0.2827  9.5075  5.5357   18.6031
W388 23.64720  120.45920  7.1458   0.01468331   0.03378242  0.4171  9.7684  5.8373   18.8131
W217 23.32352  120.40512  5.3864   0.00501334   0.01527530  0.3754  9.2506  5.1909   18.8831
W097 23.94122  120.66786  6.4722   0.02670094   0.03795050  0.4744  9.5870  6.1970   18.8931
W17E 24.18344  120.92958  7.1974   0.00712289   0.01040656  0.3637  9.7816  5.4022   18.9631
W220 23.03332  120.26783  6.6568   0.01392209   0.01955034  0.2206  9.6385  5.8053   19.0631
W135 22.66703  120.60014  6.0139   0.01843680   0.02438911  0.3175  9.4525  5.9742   19.0931
W18B 24.17119  120.89586  6.5047   0.00689688   0.02754994  1.0007  9.5962  5.3828   19.1031
W071 23.98092  120.68628  6.5576   0.01342105   0.03737704  0.8691  9.6110  5.7832   19.1931
W218 23.18925  120.34232  6.9914   0.01180427   0.01807142  0.2694  9.7284  5.7060   19.2631
W364 23.96840  120.60130  6.7804   0.00958860   0.02223419  0.7038  9.6722  5.5810   19.4231
W377 23.76720  120.45830  6.8282   0.01776152   0.03857676  0.7291  9.6851  5.9518   19.4931
W35A 23.89270  120.47810  4.8237   0.00910220   0.02940380  0.8238  9.0485  5.5497   20.0031
W362 24.01720  120.56570  5.4817   0.00826772   0.02441970  0.7231  9.2827  5.4918   20.2831
W144 22.71719  120.48622  6.8725   0.00987573   0.03753824  0.4126  9.6969  5.5987   20.3131
W211 23.37680  120.44500  6.0045   0.01697488   0.01792194  0.1742  9.4496  5.9245   20.3331
W13C 22.74364  120.63914  6.7128   0.00456105   0.01705039  0.4748  9.6539  5.1340   20.4031
W35B 23.91870  120.50440  6.3870   0.01197908   0.02330191  0.7593  9.5628  5.7149   20.4731
W17A 24.10068  120.68974  6.0718   0.00881561   0.02997225  0.4853  9.4700  5.5304   20.7531
W361 24.04760  120.54460  6.8970   0.01486291   0.03341695  0.6905  9.7035  5.8446   20.8731
W219 23.07935  120.29580  4.2078   0.01135257   0.02756151  0.2134  8.7983  5.6825   20.9431
W145 22.76597  120.64464  7.1746   0.01990396   0.01821174  0.3714  9.7758  6.0203   20.9531
W18C 24.12286  120.75169  5.9513   0.00852030   0.02050485  0.3283  9.4333  5.5099   21.0431
W357 23.89790  120.37060  4.9923   0.01024177   0.03933170  0.5437  9.1114  5.6206   21.0531
W372 23.54170  120.18970  6.3258   0.00827669   0.01683832  0.4142  9.5451  5.4925   21.0631
W360 24.07170  120.55150  6.2105   0.01671015   0.01749135  0.4842  9.5114  5.9151   21.1131
W37A 23.79750  120.27350  6.2498   0.01005233   0.01785427  0.3215  9.5230  5.6094   21.1931
W185 24.32777  120.92077  5.5156   0.00542700   0.02985055  0.9140  9.2940  5.2386   21.2231
W188 24.25280  120.83497  6.9373   0.00957734   0.02961758  0.8554  9.7141  5.5803   21.2431
W373 23.70970  120.19120  6.7231   0.01083306   0.01952873  0.2717  9.6567  5.6544   21.2631
W356 23.93760  120.39530  7.4520   0.01545065   0.03971419  0.7020  9.8452  5.8679   21.3731
W222 23.00628  120.25848  6.5043   0.00924284   0.02007152  0.3044  9.5961  5.5589   21.3831
W172 24.17267  120.71955  5.2216   0.00769855   0.02487140  0.8450  9.1937  5.4489   21.4331
W168 24.35900  120.94744  5.2524   0.01015441   0.02374526  0.6286  9.2045  5.6155   21.5231
W159 24.29817  120.84939  6.6874   0.01052384   0.03472338  0.5808  9.6469  5.6370   21.5431
W135 22.66703  120.60014  6.0296   0.01397289   0.01735955  0.2871  9.4572  5.8075   21.6431
W173 24.15725  120.82839  7.0181   0.02894076   0.03403711  0.2819  9.7354  6.2454   21.6831
W16F 24.20473  120.72652  6.4751   0.00849236   0.03268551  0.5579  9.5878  5.5079   21.7031
W354 24.00800  120.41910  6.0339   0.01875469   0.02457073  0.6267  9.4586  5.9845   21.7331
W35F 24.10420  120.53340  4.8380   0.00590946   0.03348271  0.9177  9.0539  5.2898   21.8931
W16C 24.19512  120.66278  5.1783   0.01471563   0.03201232  0.7049  9.1784  5.8386   21.9531
W352 24.08880  120.47980  6.7868   0.00452346   0.03236755  0.9947  9.6740  5.1291   21.9631
W104 22.64717  120.60228  7.2471   0.00349192   0.00852891  0.1168  9.7942  4.9734   22.1731
W179 24.25430  120.72103  5.8436   0.02155906   0.03853381  0.8178  9.3998  6.0683   22.3031
W184 24.22223  120.65018  6.5120   0.00948101   0.03929912  1.1681  9.5983  5.5742   22.6031
count:0

Reporting time         2016/ 6/21  3:17: 4.020
year  month  day  hour min  sec    lat      lon        dep    Cal_mpd  dayi_mpd  stu_mpd  mtc   process_time
2016  6      21   3    16   47.205 23.73953 120.88520  27.18  5.76     5.69      4.98     9.49  16.814853
Sta     lat       lon       tc         pd           pv        pa     Mtc     MPd   receivetime
W368 23.81100  120.61700  6.0645   0.02471524   0.04941311  0.9084  9.4678  5.6094    6.9850
W08A 23.87003  120.67644  6.4582   0.02071402   0.04008371  1.3501  9.5830  5.5032    7.0050
W37F 23.71530  120.52910  6.1832   0.02740503   0.04325769  0.4583  9.5033  5.6715    7.5850
W381 23.73720  120.51450  5.7016   0.02363118   0.04377571  0.6135  9.3548  5.5824    7.8750
W369 23.82630  120.54500  6.2602   0.01618381   0.04897715  0.8177  9.5260  5.3547    8.1550
W182 24.19405  120.81225  5.8544   0.02149139   0.04933791  1.1118  9.4032  5.5253    9.9350
W16D 24.19625  120.54744  5.5472   0.01730463   0.05695685  1.1907  9.3045  5.3950   12.0250
W156 24.42211  120.91044  5.5976   0.02422284   0.04129493  0.5074  9.3211  5.5973   12.1750
W12C 23.16908  121.04103  6.1966   0.02842088   0.04668896  1.0762  9.5073  5.6934   12.3050
W178 24.26583  120.57308  6.0894   0.02455449   0.04852932  0.8416  9.4753  5.6055   12.6250
W054 23.08197  120.59219  7.4833   0.01422402   0.01736230  0.2741  9.8529  5.2771   14.1850
count:0

Reporting time         2016/ 6/21  3:21: 8.296
year  month  day  hour min  sec    lat      lon        dep    Cal_mpd  dayi_mpd  stu_mpd  mtc   process_time
2016  6      21   3    20   57.024 23.17407 121.64266  16.20  5.41     5.33      4.45     8.25  11.272378
Sta     lat       lon       tc         pd           pv        pa     Mtc     MPd   receivetime
W020 23.27847  121.32253  3.5990   0.00875724   0.07776213  2.5125  8.5120  4.9696    7.2764
W01B 23.46203  121.49542  2.7751   0.03428640   0.11932177  5.4442  8.0357  5.7905    7.3564
W01C 23.38317  121.35869  0.0000   0.01966424   0.11714542  2.5173    -inf  5.4561    7.8764
W010 23.33631  121.31339  2.7751   0.03391708   0.23474846 10.0163  8.0357  5.7840    7.9864
W004 23.40583  121.31997  3.6568   0.01147070   0.05113023  2.3721  8.5412  5.1319    8.1764
W01E 23.45153  121.39281  2.8300   0.01923703   0.18607005  7.0958  8.0716  5.4429    8.2464
W103 23.12497  121.22881  0.0000   0.00913084   0.05232050  1.6921    -inf  4.9947    8.6864
W009 23.49325  121.39233  0.0000   0.02295881   0.13330467  3.9264    -inf  5.5493    8.9264
count:0

Reporting time         2016/ 6/21  3:21:10.302
year  month  day  hour min  sec    lat      lon        dep    Cal_mpd  dayi_mpd  stu_mpd  mtc   process_time
2016  6      21   3    20   55.254 23.11769 121.72903  22.65  5.52     5.45      4.60     8.25  15.048624
Sta     lat       lon       tc         pd           pv        pa     Mtc     MPd   receivetime
W020 23.27847  121.32253  3.5990   0.00875724   0.07776213  2.5125  8.5120  5.2041    9.0463
W01B 23.46203  121.49542  2.7751   0.03428640   0.11932177  5.4442  8.0357  6.0251    9.1263
W01C 23.38317  121.35869  0.0000   0.01966424   0.11714542  2.5173    -inf  5.6907    9.6463
W010 23.33631  121.31339  2.7751   0.03391708   0.23474846 10.0163  8.0357  6.0186    9.7563
W004 23.40583  121.31997  3.6568   0.01147070   0.05113023  2.3721  8.5412  5.3665    9.9463
W01E 23.45153  121.39281  2.8300   0.01923703   0.18607005  7.0958  8.0716  5.6775   10.0163
W103 23.12497  121.22881  0.0000   0.00913084   0.05232050  1.6921    -inf  5.2293   10.4563
W009 23.49325  121.39233  0.0000   0.02295881   0.13330467  3.9264    -inf  5.7839   10.6963
W390 22.67300  121.47050  0.0000   0.00668524   0.01740766  0.2332    -inf  5.0418   10.8063
W12A 23.13189  121.17683  0.0000   0.00772064   0.04125743  1.2188    -inf  5.1284   10.8263
count:0

Reporting time         2016/ 6/21  3:21:12.308
year  month  day  hour min  sec    lat      lon        dep    Cal_mpd  dayi_mpd  stu_mpd  mtc   process_time
2016  6      21   3    20   55.113 23.12261 121.73530  28.60  5.59     5.52      4.70     8.25  17.195431
Sta     lat       lon       tc         pd           pv        pa     Mtc     MPd   receivetime
W020 23.27847  121.32253  3.5990   0.00875724   0.07776213  2.5125  8.5120  5.4205    9.1874
W01B 23.46203  121.49542  2.7751   0.03428640   0.11932177  5.4442  8.0357  6.2415    9.2674
W01C 23.38317  121.35869  0.0000   0.01966424   0.11714542  2.5173    -inf  5.9071    9.7874
W010 23.33631  121.31339  2.7751   0.03391708   0.23474846 10.0163  8.0357  6.2350    9.8974
W004 23.40583  121.31997  3.6568   0.01147070   0.05113023  2.3721  8.5412  5.5829   10.0874
W01E 23.45153  121.39281  2.8300   0.01923703   0.18607005  7.0958  8.0716  5.8939   10.1574
W103 23.12497  121.22881  0.0000   0.00913084   0.05232050  1.6921    -inf  5.4456   10.5974
W009 23.49325  121.39233  0.0000   0.02295881   0.13330467  3.9264    -inf  6.0002   10.8374
W390 22.67300  121.47050  0.0000   0.00668524   0.01740766  0.2332    -inf  5.2581   10.9474
W12A 23.13189  121.17683  0.0000   0.00772064   0.04125743  1.2188    -inf  5.3447   10.9674
W015 23.70619  121.41264  0.0000   0.01691883   0.04986312  1.4438    -inf  5.8166   13.2174
count:1

Reporting time         2016/ 6/21  3:21:14.314
year  month  day  hour min  sec    lat      lon        dep    Cal_mpd  dayi_mpd  stu_mpd  mtc   process_time
2016  6      21   3    20   56.153 23.15053 121.63618  42.14  5.65     5.58      4.77     8.25  18.161552
Sta     lat       lon       tc         pd           pv        pa     Mtc     MPd   receivetime
W020 23.27847  121.32253  3.5990   0.00875724   0.07776213  2.5125  8.5120  5.5903    8.1473
W01B 23.46203  121.49542  2.7751   0.03428640   0.11932177  5.4442  8.0357  6.4112    8.2273
W01C 23.38317  121.35869  0.0000   0.01966424   0.11714542  2.5173    -inf  6.0768    8.7473
W010 23.33631  121.31339  2.7751   0.03391708   0.23474846 10.0163  8.0357  6.4047    8.8573
W004 23.40583  121.31997  3.6568   0.01147070   0.05113023  2.3721  8.5412  5.7526    9.0473
W01E 23.45153  121.39281  2.8300   0.01923703   0.18607005  7.0958  8.0716  6.0636    9.1173
W103 23.12497  121.22881  0.0000   0.00913084   0.05232050  1.6921    -inf  5.6154    9.5573
W009 23.49325  121.39233  0.0000   0.02295881   0.13330467  3.9264    -inf  6.1700    9.7973
W390 22.67300  121.47050  0.0000   0.00668524   0.01740766  0.2332    -inf  5.4279    9.9073
W12A 23.13189  121.17683  0.0000   0.00772064   0.04125743  1.2188    -inf  5.5145    9.9273
W015 23.70619  121.41264  0.0000   0.01691883   0.04986312  1.4438    -inf  5.9864   12.1773
W120 23.07503  121.35258  3.1554   0.01575987   0.13849832  5.5727  8.2710  5.9437   13.3973
W022 23.86764  121.55681  0.0000   0.01699636   0.04859967  1.6818    -inf  5.9891   14.0673
W05D 23.25293  120.81920  0.0000   0.00421103   0.05817949  2.3687    -inf  5.1499   14.4173
W075 23.56192  120.92778  0.0000   0.01930928   0.03375986  0.9531    -inf  6.0659   14.5373
count:0

Reporting time         2016/ 6/21  3:21:16.319
year  month  day  hour min  sec    lat      lon        dep    Cal_mpd  dayi_mpd  stu_mpd  mtc   process_time
2016  6      21   3    20   56.480 23.17883 121.62509  35.36  5.72     5.65      4.89     8.25  19.839421
Sta     lat       lon       tc         pd           pv        pa     Mtc     MPd   receivetime
W020 23.27847  121.32253  3.5990   0.00875724   0.07776213  2.5125  8.5120  5.6780    7.8203
W01B 23.46203  121.49542  2.7751   0.03428640   0.11932177  5.4442  8.0357  6.4989    7.9003
W01C 23.38317  121.35869  0.0000   0.01966424   0.11714542  2.5173    -inf  6.1645    8.4203
W010 23.33631  121.31339  2.7751   0.03391708   0.23474846 10.0163  8.0357  6.4924    8.5303
W004 23.40583  121.31997  3.6568   0.01147070   0.05113023  2.3721  8.5412  5.8403    8.7203
W01E 23.45153  121.39281  2.8300   0.01923703   0.18607005  7.0958  8.0716  6.1513    8.7903
W103 23.12497  121.22881  0.0000   0.00913084   0.05232050  1.6921    -inf  5.7031    9.2303
W009 23.49325  121.39233  0.0000   0.02295881   0.13330467  3.9264    -inf  6.2577    9.4703
W390 22.67300  121.47050  0.0000   0.00668524   0.01740766  0.2332    -inf  5.5156    9.5803
W12A 23.13189  121.17683  0.0000   0.00772064   0.04125743  1.2188    -inf  5.6022    9.6003
W015 23.70619  121.41264  0.0000   0.01691883   0.04986312  1.4438    -inf  6.0741   11.8503
W120 23.07503  121.35258  3.1554   0.01575987   0.13849832  5.5727  8.2710  6.0314   13.0703
W022 23.86764  121.55681  0.0000   0.01699636   0.04859967  1.6818    -inf  6.0768   13.7403
W05D 23.25293  120.81920  0.0000   0.00421103   0.05817949  2.3687    -inf  5.2376   14.0903
W075 23.56192  120.92778  0.0000   0.01930928   0.03375986  0.9531    -inf  6.1536   14.2103
W082 23.71197  120.87150  0.0000   0.02097547   0.05594573  1.5386    -inf  6.2034   16.4203
W07B 23.78489  120.86444  0.0000   0.01568839   0.04322866  0.9625    -inf  6.0287   17.3903
W208 23.46835  120.70141  0.0000   0.02937568   0.04536359  1.2149    -inf  6.4060   17.5003
count:1

Reporting time         2016/ 6/21  3:21:18.325
year  month  day  hour min  sec    lat      lon        dep    Cal_mpd  dayi_mpd  stu_mpd  mtc   process_time
2016  6      21   3    20   56.948 23.19985 121.60144  34.03  5.71     5.65      4.89     8.25  21.377397
Sta     lat       lon       tc         pd           pv        pa     Mtc     MPd   receivetime
W020 23.27847  121.32253  3.5990   0.00875724   0.07776213  2.5125  8.5120  5.6512    7.3525
W01B 23.46203  121.49542  2.7751   0.03428640   0.11932177  5.4442  8.0357  6.4722    7.4325
W01C 23.38317  121.35869  0.0000   0.01966424   0.11714542  2.5173    -inf  6.1378    7.9525
W010 23.33631  121.31339  2.7751   0.03391708   0.23474846 10.0163  8.0357  6.4657    8.0625
W004 23.40583  121.31997  3.6568   0.01147070   0.05113023  2.3721  8.5412  5.8136    8.2525
W01E 23.45153  121.39281  2.8300   0.01923703   0.18607005  7.0958  8.0716  6.1246    8.3225
W103 23.12497  121.22881  0.0000   0.00913084   0.05232050  1.6921    -inf  5.6764    8.7625
W009 23.49325  121.39233  0.0000   0.02295881   0.13330467  3.9264    -inf  6.2310    9.0025
W390 22.67300  121.47050  0.0000   0.00668524   0.01740766  0.2332    -inf  5.4888    9.1125
W12A 23.13189  121.17683  0.0000   0.00772064   0.04125743  1.2188    -inf  5.5755    9.1325
W015 23.70619  121.41264  0.0000   0.01691883   0.04986312  1.4438    -inf  6.0474   11.3825
W120 23.07503  121.35258  3.1554   0.01575987   0.13849832  5.5727  8.2710  6.0047   12.6025
W022 23.86764  121.55681  0.0000   0.01699636   0.04859967  1.6818    -inf  6.0501   13.2725
W05D 23.25293  120.81920  0.0000   0.00421103   0.05817949  2.3687    -inf  5.2108   13.6225
W075 23.56192  120.92778  0.0000   0.01930928   0.03375986  0.9531    -inf  6.1268   13.7425
W082 23.71197  120.87150  0.0000   0.02097547   0.05594573  1.5386    -inf  6.1766   15.9525
W07B 23.78489  120.86444  0.0000   0.01568839   0.04322866  0.9625    -inf  6.0019   16.9225
W208 23.46835  120.70141  0.0000   0.02937568   0.04536359  1.2149    -inf  6.3792   17.0325
W089 23.82784  120.78661  0.0000   0.01945316   0.07334149  1.4408    -inf  6.1313   18.7325
count:2

Reporting time         2016/ 6/21  3:21:20.331
year  month  day  hour min  sec    lat      lon        dep    Cal_mpd  dayi_mpd  stu_mpd  mtc   process_time
2016  6      21   3    20   56.024 23.15665 121.68048  28.89  5.91     5.85      5.17     8.25  24.307350
Sta     lat       lon       tc         pd           pv        pa     Mtc     MPd   receivetime
W020 23.27847  121.32253  3.5990   0.00875724   0.07776213  2.5125  8.5120  5.8753    8.2760
W01B 23.46203  121.49542  2.7751   0.03428640   0.11932177  5.4442  8.0357  6.6963    8.3560
W01C 23.38317  121.35869  0.0000   0.01966424   0.11714542  2.5173    -inf  6.3619    8.8760
W010 23.33631  121.31339  2.7751   0.03391708   0.23474846 10.0163  8.0357  6.6898    8.9860
W004 23.40583  121.31997  3.6568   0.01147070   0.05113023  2.3721  8.5412  6.0377    9.1760
W01E 23.45153  121.39281  2.8300   0.01923703   0.18607005  7.0958  8.0716  6.3487    9.2460
W103 23.12497  121.22881  0.0000   0.00913084   0.05232050  1.6921    -inf  5.9005    9.6860
W009 23.49325  121.39233  0.0000   0.02295881   0.13330467  3.9264    -inf  6.4551    9.9260
W390 22.67300  121.47050  0.0000   0.00668524   0.01740766  0.2332    -inf  5.7130   10.0360
W12A 23.13189  121.17683  0.0000   0.00772064   0.04125743  1.2188    -inf  5.7996   10.0560
W015 23.70619  121.41264  0.0000   0.01691883   0.04986312  1.4438    -inf  6.2715   12.3060
W120 23.07503  121.35258  3.1554   0.01575987   0.13849832  5.5727  8.2710  6.2288   13.5260
W022 23.86764  121.55681  0.0000   0.01699636   0.04859967  1.6818    -inf  6.2742   14.1960
W05D 23.25293  120.81920  0.0000   0.00421103   0.05817949  2.3687    -inf  5.4349   14.5460
W075 23.56192  120.92778  0.0000   0.01930928   0.03375986  0.9531    -inf  6.3510   14.6660
W082 23.71197  120.87150  0.0000   0.02097547   0.05594573  1.5386    -inf  6.4007   16.8760
W07B 23.78489  120.86444  0.0000   0.01568839   0.04322866  0.9625    -inf  6.2260   17.8460
W208 23.46835  120.70141  0.0000   0.02937568   0.04536359  1.2149    -inf  6.6033   17.9560
W089 23.82784  120.78661  0.0000   0.01945316   0.07334149  1.4408    -inf  6.3554   19.6560
W209 23.55310  120.57724  0.0000   0.02988077   0.06062298  0.8674    -inf  6.6136   20.1060
W193 23.55802  120.55426  0.0000   0.02663383   0.03941959  0.6296    -inf  6.5444   20.4960
W383 23.68670  120.58630  0.0000   0.01874598   0.06259933  1.5471    -inf  6.3331   20.9460
W368 23.81100  120.61700  0.0000   0.01291682   0.04941311  0.9084    -inf  6.1091   21.1660
W08A 23.87003  120.67644  0.0000   0.01602922   0.04008371  1.3501    -inf  6.2390   21.1860
W37F 23.71530  120.52910  0.0000   0.02740503   0.04325769  0.4583    -inf  6.5616   21.7660
count:3

Reporting time         2016/ 6/21  3:21:22.337
year  month  day  hour min  sec    lat      lon        dep    Cal_mpd  dayi_mpd  stu_mpd  mtc   process_time
2016  6      21   3    20   56.101 23.15918 121.67782  28.05  5.92     5.86      5.18     8.25  26.236001
Sta     lat       lon       tc         pd           pv        pa     Mtc     MPd   receivetime
W020 23.27847  121.32253  3.5990   0.00875724   0.07776213  2.5125  8.5120  5.8719    8.1988
W01B 23.46203  121.49542  2.7751   0.03428640   0.11932177  5.4442  8.0357  6.6928    8.2788
W01C 23.38317  121.35869  0.0000   0.01966424   0.11714542  2.5173    -inf  6.3584    8.7988
W010 23.33631  121.31339  2.7751   0.03391708   0.23474846 10.0163  8.0357  6.6863    8.9088
W004 23.40583  121.31997  3.6568   0.01147070   0.05113023  2.3721  8.5412  6.0342    9.0988
W01E 23.45153  121.39281  2.8300   0.01923703   0.18607005  7.0958  8.0716  6.3452    9.1688
W103 23.12497  121.22881  0.0000   0.00913084   0.05232050  1.6921    -inf  5.8970    9.6088
W009 23.49325  121.39233  0.0000   0.02295881   0.13330467  3.9264    -inf  6.4516    9.8488
W390 22.67300  121.47050  0.0000   0.00668524   0.01740766  0.2332    -inf  5.7095    9.9588
W12A 23.13189  121.17683  0.0000   0.00772064   0.04125743  1.2188    -inf  5.7961    9.9788
W015 23.70619  121.41264  0.0000   0.01691883   0.04986312  1.4438    -inf  6.2680   12.2288
W120 23.07503  121.35258  3.1554   0.01575987   0.13849832  5.5727  8.2710  6.2253   13.4488
W022 23.86764  121.55681  0.0000   0.01699636   0.04859967  1.6818    -inf  6.2707   14.1188
W05D 23.25293  120.81920  0.0000   0.00421103   0.05817949  2.3687    -inf  5.4315   14.4688
W075 23.56192  120.92778  0.0000   0.01930928   0.03375986  0.9531    -inf  6.3475   14.5888
W082 23.71197  120.87150  0.0000   0.02097547   0.05594573  1.5386    -inf  6.3973   16.7988
W07B 23.78489  120.86444  0.0000   0.01568839   0.04322866  0.9625    -inf  6.2226   17.7688
W208 23.46835  120.70141  0.0000   0.02937568   0.04536359  1.2149    -inf  6.5998   17.8788
W089 23.82784  120.78661  0.0000   0.01945316   0.07334149  1.4408    -inf  6.3519   19.5788
W209 23.55310  120.57724  0.0000   0.02988077   0.06062298  0.8674    -inf  6.6101   20.0288
W193 23.55802  120.55426  0.0000   0.02663383   0.03941959  0.6296    -inf  6.5409   20.4188
W383 23.68670  120.58630  0.0000   0.01874598   0.06259933  1.5471    -inf  6.3297   20.8688
W368 23.81100  120.61700  0.0000   0.01291682   0.04941311  0.9084    -inf  6.1056   21.0888
W08A 23.87003  120.67644  0.0000   0.01602922   0.04008371  1.3501    -inf  6.2355   21.1088
W37F 23.71530  120.52910  0.0000   0.02740503   0.04325769  0.4583    -inf  6.5581   21.6888
W381 23.73720  120.51450  0.0000   0.01312917   0.04377571  0.6135    -inf  6.1154   21.9788
W369 23.82630  120.54500  0.0000   0.01068954   0.04098912  0.8177    -inf  5.9918   22.2588
count:4

Reporting time         2016/ 6/21  3:21:24.344
year  month  day  hour min  sec    lat      lon        dep    Cal_mpd  dayi_mpd  stu_mpd  mtc   process_time
2016  6      21   3    20   57.155 23.20049 121.61390  28.39  5.94     5.88      5.22     8.18  27.188619
Sta     lat       lon       tc         pd           pv        pa     Mtc     MPd   receivetime
W01B 23.46203  121.49542  2.7751   0.03428640   0.11932177  5.4442  8.0357  6.6425    7.2247
W01C 23.38317  121.35869  0.0000   0.01966424   0.11714542  2.5173    -inf  6.3081    7.7447
W010 23.33631  121.31339  2.7751   0.03391708   0.23474846 10.0163  8.0357  6.6360    7.8547
W004 23.40583  121.31997  3.6568   0.01147070   0.05113023  2.3721  8.5412  5.9839    8.0447
W01E 23.45153  121.39281  2.8300   0.01923703   0.18607005  7.0958  8.0716  6.2949    8.1147
W103 23.12497  121.22881  0.0000   0.00913084   0.05232050  1.6921    -inf  5.8467    8.5547
W009 23.49325  121.39233  0.0000   0.02295881   0.13330467  3.9264    -inf  6.4013    8.7947
W390 22.67300  121.47050  0.0000   0.00668524   0.01740766  0.2332    -inf  5.6591    8.9047
W12A 23.13189  121.17683  0.0000   0.00772064   0.04125743  1.2188    -inf  5.7458    8.9247
W015 23.70619  121.41264  0.0000   0.01691883   0.04986312  1.4438    -inf  6.2176   11.1747
W120 23.07503  121.35258  3.1554   0.01575987   0.13849832  5.5727  8.2710  6.1750   12.3947
W022 23.86764  121.55681  0.0000   0.01699636   0.04859967  1.6818    -inf  6.2204   13.0647
W05D 23.25293  120.81920  0.0000   0.00421103   0.05817949  2.3687    -inf  5.3811   13.4147
W075 23.56192  120.92778  0.0000   0.01930928   0.03375986  0.9531    -inf  6.2971   13.5347
W082 23.71197  120.87150  0.0000   0.02097547   0.05594573  1.5386    -inf  6.3469   15.7447
W07B 23.78489  120.86444  0.0000   0.01568839   0.04322866  0.9625    -inf  6.1722   16.7147
W208 23.46835  120.70141  0.0000   0.02937568   0.04536359  1.2149    -inf  6.5495   16.8247
W089 23.82784  120.78661  0.0000   0.01945316   0.07334149  1.4408    -inf  6.3016   18.5247
W209 23.55310  120.57724  0.0000   0.02988077   0.06062298  0.8674    -inf  6.5598   18.9747
W193 23.55802  120.55426  0.0000   0.02663383   0.03941959  0.6296    -inf  6.4906   19.3647
W383 23.68670  120.58630  0.0000   0.01874598   0.06259933  1.5471    -inf  6.2793   19.8147
W368 23.81100  120.61700  0.0000   0.01291682   0.04941311  0.9084    -inf  6.0553   20.0347
W08A 23.87003  120.67644  0.0000   0.01602922   0.04008371  1.3501    -inf  6.1852   20.0547
W37F 23.71530  120.52910  0.0000   0.02740503   0.04325769  0.4583    -inf  6.5077   20.6347
W381 23.73720  120.51450  0.0000   0.01312917   0.04377571  0.6135    -inf  6.0651   20.9247
W369 23.82630  120.54500  0.0000   0.01068954   0.04098912  0.8177    -inf  5.9415   21.2047
W182 24.19405  120.81225  0.0000   0.02149139   0.04933791  1.1118    -inf  6.3615   22.9847
W249 24.79927  120.99942  0.0000   0.01804702   0.03070092  0.3458    -inf  6.2565   23.4647
count:5
